time,OutsTemp
0.0010625,6
0.2010625,6
0.4010625,6
0.6010625,6
0.8010625,6
1.001063,6
1.201062,6
1.401062,6
1.601063,6
1.801062,6
2.001062,6
2.201062,6
2.401062,6
2.601063,6
2.801063,6
3.001062,6
3.201062,6
3.401062,6
3.601063,6
3.801063,6
4.001062,6
4.201063,6
4.401062,6
4.601062,6
4.801063,6
5.001062,6
5.201063,6
5.401062,6
5.601062,6
5.801063,6
6.001062,6
6.201063,6
6.401062,6
6.601062,6
6.801063,6
7.001062,6
7.201063,6
7.401062,6
7.601062,6
7.801063,6
8.001062,6
8.201062,6
8.401063,6
8.601063,6
8.801063,6
9.001062,6
9.201062,6
9.401063,6
9.601063,6
9.801063,6
10.00106,6
10.20106,6
10.40106,6
10.60106,6
10.80106,6
11.00106,6
11.20106,6
11.40106,6
11.60106,6
11.80106,6
12.00106,6
12.20106,6
12.40106,6
12.60106,6
12.80106,6
13.00106,6
13.20106,6
13.40106,6
13.60106,6
13.80106,6
14.00106,6
14.20106,6
14.40106,6
14.60106,6
14.80106,6
15.00106,6
15.20106,6
15.40106,6
15.60106,6
15.80106,6
16.00106,6
16.20106,6
16.40106,6
16.60106,6
16.80106,6
17.00106,6
17.20106,6
17.40106,6
17.60106,6
17.80106,6
18.00106,6
18.20106,6
18.40106,6
18.60106,6
18.80106,6
19.00106,6
19.20106,6
19.40106,6
19.60106,6
19.80106,6
20.00106,6
20.20106,6
20.40106,6
20.60106,6
20.80106,6
21.00106,6.5
21.20106,6.5
21.40106,6.5
21.60106,6.5
21.80106,6.5
22.00106,6.5
22.20106,6.5
22.40106,6.5
22.60106,6.5
22.80106,6.5
23.00106,6.5
23.20106,6.5
23.40106,6.5
23.60106,6.5
23.80106,6.5
24.00106,6.5
24.20106,6.5
24.40106,6.5
24.60106,6.5
24.80006,6.5
25.00106,6.5
25.20106,6.5
25.40106,6.5
25.60106,6.5
25.80106,6.5
26.00106,6.5
26.20106,6.5
26.40106,6.5
26.60106,6.5
26.80106,6.5
27.00106,6.5
27.20106,6.5
27.40106,6.5
27.60106,6.5
27.80106,6.5
28.00106,6.5
28.20106,6.5
28.40106,6.5
28.60106,6.5
28.80106,6.5
29.00106,6.5
29.20106,6.5
29.40106,6.5
29.60106,6.5
29.80106,6.5
30.00106,6.5
30.20106,6.5
30.40106,6.5
30.60106,6.5
30.80106,6.5
31.00106,6.5
31.20106,6.5
31.40106,6.5
31.60106,6.5
31.80106,6.5
32.00106,6.5
32.20106,6.5
32.40106,6.5
32.60106,6.5
32.80106,6.5
33.00106,6.5
33.20106,6.5
33.40106,6.5
33.60106,6.5
33.80106,6.5
34.00106,6.5
34.20006,6.5
34.40006,6.5
34.60006,6.5
34.80006,6.5
35.00006,6.5
35.20006,6.5
35.40106,6.5
35.60106,6.5
35.80106,6.5
36.00106,6.5
36.20106,6.5
36.40106,6.5
36.60106,6.5
36.80006,6.5
37.00006,6.5
37.20006,6.5
37.40006,6.5
37.60006,6.5
37.80006,6.5
38.00006,6.5
38.20006,6.5
38.40006,6.5
38.60006,6.5
38.80006,6.5
39.00006,6.5
39.20006,6.5
39.40006,6.5
39.60106,6.5
39.80106,6.5
40.00106,6.5
40.20106,6.5
40.40106,6.5
40.60106,6.5
40.80106,6.5
41.00106,6.5
41.20106,6.5
41.40106,6.5
41.60106,6.5
41.80006,6.5
42.00006,6.5
42.20006,6.5
42.40006,6.5
42.60006,6.5
42.80006,6.5
43.00006,6.5
43.20006,6.5
43.40006,6.5
43.60006,6.5
43.80006,6.5
44.00106,6.5
44.20006,6.5
44.40006,6.5
44.60006,6.5
44.80006,6.5
45.00006,6.5
45.20006,6.5
45.40006,6.5
45.60006,6.5
45.80006,6.5
46.00006,6.5
46.20006,6.5
46.40006,6.5
46.60006,6.5
46.80006,6.5
47.00006,6.5
47.20006,6.5
47.40006,6.5
47.60006,6.5
47.80106,6.5
48.00006,6.5
48.20006,6.5
48.40006,6.5
48.60006,6.5
48.80006,6.5
49.00006,6.5
49.20006,6.5
49.40006,6.5
49.60006,6.5
49.80006,6.5
50.00006,6.5
50.20006,6.5
50.40006,6.5
50.60006,6.5
50.80006,6.5
51.00006,6.5
51.20006,6.5
51.40006,6.5
51.60006,6.5
51.80006,6.5
52.00006,6.5
52.20006,6.5
52.40006,6.5
52.60006,6.5
52.80006,6.5
53.00006,6.5
53.20006,6.5
53.40006,6.5
53.60006,6.5
53.80006,6.5
54.00006,6.5
54.20006,6.5
54.40006,6.5
54.60006,6.5
54.80006,6.5
55.00006,6.5
55.20006,6.5
55.40006,6.5
55.60006,6.5
55.80006,6.5
56.00006,6.5
56.20006,6.5
56.40006,6.5
56.60006,6.5
56.80006,6.5
57.00006,6.5
57.20006,6.5
57.40006,6.5
57.60006,6.5
57.80006,6.5
58.00006,6.5
58.20006,6.5
58.40006,6.5
58.60006,6.5
58.80006,6.5
59.00006,6.5
59.20006,6.5
59.40006,6.5
59.60006,6.5
59.80006,6.5
60.00006,6.5
60.20006,6.5
60.40006,6.5
60.60006,6.5
60.80006,6.5
61.00006,6.5
61.20006,6.5
61.40006,6.5
61.60006,6.5
61.80006,6.5
62.00006,6.5
62.20006,6.5
62.40006,6.5
62.60006,6.5
62.80006,6.5
63.00006,6.5
63.20006,6.5
63.40006,6.5
63.60006,6.5
63.80006,6.5
64.00006,6.5
64.20007,6.5
64.40006,6.5
64.60006,6.5
64.80006,6.5
65.00006,6.5
65.20007,6.5
65.40006,6.5
65.60006,6.5
65.80006,6.5
66.00006,6.5
66.20007,6.5
66.40006,6.5
66.60006,6.5
66.80006,6.5
67.00006,6.5
67.20007,6.5
67.40006,6.5
67.60006,6.5
67.80006,6.5
68.00006,6.5
68.20007,6.5
68.40006,6.5
68.60006,6.5
68.80006,6.5
69.00006,6.5
69.20007,6.5
69.40006,6.5
69.60006,6.5
69.80006,6.5
70.00006,6.5
70.20007,6.5
70.40006,6.5
70.60006,6.5
70.80006,6.5
71.00006,6.5
71.20007,6.5
71.40006,6.5
71.60006,6.5
71.80006,6.5
72.00006,6.5
72.20007,6.5
72.40006,6.5
72.60006,6.5
72.80006,6.5
73.00006,6.5
73.20007,6.5
73.40006,6.5
73.60006,6.5
73.80006,6.5
74.00006,6.5
74.20007,6.5
74.40006,6.5
74.60006,6.5
74.80006,6.5
75.00006,6.5
75.20007,6.5
75.40006,6.5
75.60006,6.5
75.80006,6.5
76.00006,6.5
76.20007,6.5
76.40006,6.5
76.60006,6.5
76.80006,6.5
77.00006,6.5
77.20007,6.5
77.40006,6.5
77.60006,6.5
77.80006,6.5
78.00006,6.5
78.20007,6.5
78.40006,6.5
78.60006,6.5
78.80006,6.5
79.00006,6.5
79.20007,6.5
79.40006,6.5
79.60006,6.5
79.80006,6.5
80.00006,6.5
80.20007,6.5
80.40006,6.5
80.60006,6.5
80.80006,6.5
81.00006,6.5
81.20007,6.5
81.40006,6.5
81.60006,6.5
81.80006,6.5
82.00006,6.5
82.20007,6.5
82.40006,6.5
82.60006,6.5
82.80006,6.5
83.00006,6.5
83.20007,6.5
83.40006,6.5
83.60006,6.5
83.80006,6.5
84.00006,6.5
84.20007,6.5
84.40006,6.5
84.60006,6.5
84.80006,6.5
85.00006,6.5
85.20007,6.5
85.40006,6.5
85.60006,6.5
85.80006,6.5
86.00006,6.5
86.20007,6.5
86.40006,6.5
86.60006,6.5
86.80006,6.5
87.00006,6.5
87.20007,6.5
87.40006,6.5
87.60006,6.5
87.80006,6.5
88.00006,6.5
88.20007,6.5
88.40006,6.5
88.60006,6.5
88.80006,6.5
89.00006,6.5
89.19907,6.5
89.39906,6.5
89.59906,6.5
89.79906,6.5
89.99906,6.5
90.20007,6.5
90.40006,6.5
90.60006,6.5
90.80006,6.5
91.00006,6.5
91.20007,6.5
91.40006,6.5
91.59906,6.5
91.79906,6.5
91.99906,6.5
92.19907,6.5
92.39906,6.5
92.59906,6.5
92.79906,6.5
92.99906,6.5
93.19907,6.5
93.39906,6.5
93.60006,6.5
93.80006,6.5
93.99906,6.5
94.19907,6.5
94.40006,6.5
94.59906,6.5
94.79906,6.5
94.99906,6.5
95.19907,6.5
95.39906,6.5
95.59906,6.5
95.79906,6.5
95.99906,6.5
96.19907,6.5
96.39906,6.5
96.60006,6.5
96.79906,6.5
96.99906,6.5
97.19907,6.5
97.39906,6.5
97.59906,6.5
97.79906,6.5
97.99906,6.5
98.19907,6.5
98.39906,6.5
98.59906,6.5
98.79906,6
98.99906,6
99.19907,6
99.39906,6
99.59906,6
99.79906,6
99.99906,6
100.1991,6
100.3991,6
100.5991,6
100.7991,6
100.9991,6
101.1991,6
101.3991,6
101.5991,6
101.7991,6
101.9991,6
102.1991,6
102.3991,6
102.5991,6
102.7991,6
102.9991,6
103.1991,6
103.3991,6
103.5991,6
103.7991,6
103.9991,6
104.1991,6
104.3991,6
104.5991,6
104.7991,6
104.9991,6
105.1991,6
105.3991,6
105.5991,6
105.7991,6
105.9991,6
106.1991,6
106.3991,6
106.5991,6
106.7991,6
106.9991,6
107.1991,6
107.3991,6
107.5991,6
107.7991,6
107.9991,6
108.1991,6
108.3991,6
108.5991,6
108.7991,6
108.9991,6
109.1991,6
109.3991,6
109.5991,6
109.7991,6
109.9991,6
110.1991,6
110.3991,6
110.5991,6
110.7991,6
110.9991,6
111.1991,6
111.3991,6
111.5991,6
111.7991,6
111.9991,6
112.1991,6
112.3991,6
112.5991,6
112.7991,6
112.9991,6
113.1991,6
113.3991,6
113.5991,6
113.7991,6
113.9991,6
114.1991,6
114.3991,6
114.5991,6
114.7991,6
114.9991,6
115.1991,6
115.3991,6
115.5991,6
115.7991,6
115.9991,6
116.1991,6
116.3991,6
116.5991,6
116.7991,6
116.9991,6
117.1991,6
117.3991,6
117.5991,6
117.7991,6
117.9991,6
118.1991,6
118.3991,6
118.5991,6
118.7991,6
118.9991,6
119.1991,6
119.3991,6
119.5991,6
119.7991,6
119.9991,6
120.1991,6
120.3991,6
120.5991,6
120.7991,6
120.9991,6
121.1991,6
121.3991,6
121.5991,6
121.7991,6
121.9991,6
122.1991,6
122.3991,6
122.5991,6
122.7991,6
122.9991,6
123.1991,6
123.3991,6
123.5991,6
123.7991,6
123.9991,6
124.1991,6
124.3991,6
124.5991,6
124.7991,6
124.9991,6
125.1991,6
125.3991,6
125.5991,6
125.7991,6
125.9991,6
126.1991,6
126.3991,6
126.5991,6
126.7991,6
126.9991,6
127.1991,6
127.3991,6
127.5991,6
127.7991,6
127.9991,6
128.1991,6
128.3991,6
128.5991,6
128.7991,6
128.9991,6
129.1991,6
129.3991,6
129.5991,6
129.7991,6
129.9991,6
130.1991,6
130.3991,6
130.5991,6
130.7991,6
130.9991,6
131.1991,6
131.3991,6
131.5991,6
131.7991,6
131.9991,6
132.1991,6
132.3991,6
132.5991,6
132.7991,6
132.9991,6
133.1991,6
133.3991,6
133.5991,6
133.7991,6
133.9991,6
134.1991,6
134.3991,6
134.5991,6
134.7991,6
134.9991,6
135.1991,6
135.3991,6
135.5991,6
135.7991,6
135.9991,6
136.1991,6
136.3991,6
136.5991,6
136.7991,6
136.9991,6
137.1991,6
137.3991,6
137.5991,6
137.7991,6
137.9991,6
138.1991,6
138.3991,6
138.5991,6
138.7991,6
138.9991,6
139.1991,6
139.3991,6
139.5991,6
139.7991,6
139.9991,6
140.1991,6
140.3991,6
140.5991,6
140.7991,6
140.9991,6
141.1991,6
141.3991,6
141.5991,6
141.7991,6
141.9991,6
142.1991,6
142.3991,6
142.5991,6
142.7991,6
142.9991,6
143.1991,6
143.3991,6
143.5991,6
143.7991,6
143.9991,6
144.1991,6
144.3991,6
144.5991,6
144.7991,6
144.9991,6
145.1991,6
145.3991,6
145.5991,6
145.7991,6
145.9991,6
146.1991,6
146.3991,6
146.5991,6
146.7991,6
146.9991,6
147.1991,6
147.3991,6
147.5991,6
147.7991,6
147.9991,6
148.1991,6
148.3991,6
148.5991,6
148.7991,6
148.9991,6
149.1991,6
149.3991,6
149.5991,6
149.7991,6
149.9991,6
150.1991,6
150.3991,6
150.5991,6
150.7991,6
150.9991,6
151.1991,6
151.3991,6
151.5991,6
151.7991,6
151.9991,6
152.1991,6
152.3991,6
152.5991,6
152.7991,6
152.9991,6
153.1991,6
153.3991,6
153.5991,6
153.7991,6
153.9991,6
154.1991,6
154.3991,6
154.5991,6
154.7991,6
154.9991,6
155.1991,6
155.3991,6
155.5991,6
155.7991,6
155.9991,6
156.1991,6
156.3981,6
156.5981,6
156.7981,6
156.9981,6
157.1981,6
157.3981,6
157.5981,6
157.7991,6
157.9991,6
158.1991,6
158.3991,6
158.5991,6
158.7981,6
158.9981,6
159.1981,6
159.3991,6
159.5981,6
159.7981,6
159.9981,6
160.1981,6
160.3981,6
160.5981,6
160.7991,6
160.9981,6
161.1991,6
161.3991,6
161.5991,6
161.7981,6
161.9981,6
162.1981,6
162.3981,6
162.5981,6
162.7981,6
162.9981,6
163.1991,6
163.3991,6
163.5981,6
163.7991,6
163.9991,6
164.1981,6
164.3981,6
164.5981,6
164.7981,6
164.9981,6
165.1981,6
165.3981,6
165.5981,6
165.7981,6
165.9981,6
166.1981,6
166.3981,6
166.5981,6
166.7981,6
166.9981,6
167.1981,6
167.3981,6
167.5981,6
167.7981,6
167.9981,6
168.1981,6
168.3981,6
168.5981,6
168.7981,6
168.9981,6
169.1981,6
169.3981,6
169.5981,6
169.7981,6
169.9981,6
170.1981,6
170.3981,6
170.5981,6
170.7981,6
170.9981,6
171.1981,6
171.3981,6
171.5981,6
171.7981,6
171.9981,6
172.1981,6
172.3981,6
172.5981,6
172.7981,6
172.9981,6
173.1981,6
173.3981,6
173.5981,6
173.7981,6
173.9981,6
174.1981,6
174.3981,6
174.5981,6
174.7981,6
174.9981,6
175.1981,6
175.3981,6
175.5981,6
175.7981,6
175.9981,6
176.1981,6
176.3981,6
176.5981,6
176.7981,6
176.9981,6
177.1981,6
177.3981,6
177.5981,6
177.7981,6
177.9981,6
178.1981,6
178.3981,6
178.5981,6
178.7981,6
178.9981,6
179.1981,6
179.3981,6
179.5981,6
179.7981,6
179.9981,6
180.1981,6
180.3981,6
180.5981,6
180.7981,6
180.9981,6
181.1981,6
181.3981,6
181.5981,6
181.7981,6
181.9981,6
182.1981,6
182.3981,6
182.5981,6
182.7981,6
182.9981,6
183.1981,6
183.3981,6
183.5981,6
183.7981,6
183.9981,6
184.1981,6
184.3981,6
184.5981,6
184.7981,6
184.9981,6
185.1981,6
185.3981,6
185.5981,6
185.7981,6
185.9981,6
186.1981,6
186.3981,6
186.5981,6
186.7981,6
186.9981,6
187.1981,6
187.3981,6
187.5981,6
187.7981,6
187.9981,6
188.1981,6
188.3981,6
188.5981,6
188.7981,6
188.9981,6
189.1981,6
189.3981,6
189.5981,6
189.7981,6
189.9981,6
190.1981,6
190.3981,6
190.5981,6
190.7981,6
190.9981,6
191.1981,6
191.3981,6
191.5981,6
191.7981,6
191.9981,6
192.1981,6
192.3981,6
192.5981,6
192.7981,6
192.9981,6
193.1981,6
193.3981,6
193.5981,6
193.7981,6
193.9981,6
194.1981,6
194.3981,6
194.5981,6
194.7981,6
194.9981,6
195.1981,6
195.3981,6
195.5981,6
195.7981,6
195.9981,6
196.1981,6
196.3981,6
196.5981,6
196.7981,6
196.9981,6
197.1981,6
197.3981,6
197.5981,6
197.7981,6
197.9981,6
198.1981,6
198.3981,6
198.5981,6
198.7981,6
198.9981,6
199.1981,6
199.3981,6
199.5981,6
199.7981,6
199.9981,6
200.1981,6
200.3981,6
200.5981,6
200.7981,6
200.9981,6
201.1981,6
201.3981,6
201.5981,6
201.7981,6
201.9981,6
202.1981,6
202.3981,6
202.5981,6
202.7981,6
202.9981,6
203.1981,6
203.3981,6
203.5981,6
203.7981,6
203.9981,6
204.1981,6
204.3981,6
204.5981,6
204.7981,6
204.9981,6
205.1981,6
205.3981,6
205.5981,6
205.7981,6
205.9981,6
206.1981,6
206.3981,6
206.5981,6
206.7981,6
206.9981,6
207.1981,6
207.3981,6
207.5981,6
207.7981,6
207.9981,6
208.1981,6
208.3981,6
208.5981,6
208.7981,6
208.9981,6
209.1981,6
209.3981,6
209.5981,6
209.7981,6
209.9981,6
210.1981,6
210.3981,6
210.5981,6
210.7981,6
210.9981,6
211.1981,6
211.3981,6
211.5981,6
211.7981,6
211.9981,6
212.1981,6
212.3981,6
212.5981,6
212.7981,6
212.9981,6
213.1981,6
213.3981,6
213.5981,6
213.7981,6
213.9981,6
214.1981,6
214.3981,6
214.5981,6
214.7981,6
214.9981,6
215.1981,6
215.3981,6
215.5981,6
215.7981,6
215.9981,6
216.1981,6
216.3981,6
216.5981,6
216.7981,6
216.9981,6
217.1981,6
217.3981,6
217.5981,6
217.7981,5.5
217.9981,5.5
218.1981,5.5
218.3981,5.5
218.5981,5.5
218.7981,5.5
218.9981,5.5
219.1981,5.5
219.3981,5.5
219.5981,5.5
219.7981,5.5
219.9981,5.5
220.1981,5.5
220.3981,5.5
220.5971,5.5
220.7971,5.5
220.9971,5.5
221.1981,5.5
221.3981,5.5
221.5971,5.5
221.7981,5.5
221.9981,5.5
222.1981,5.5
222.3981,5.5
222.5981,5.5
222.7981,5.5
222.9971,5.5
223.1971,5.5
223.3971,5.5
223.5971,5.5
223.7971,5.5
223.9971,5.5
224.1971,5.5
224.3971,5.5
224.5971,5.5
224.7971,5.5
224.9971,5.5
225.1971,5.5
225.3971,5.5
225.5971,5.5
225.7971,5.5
225.9971,5.5
226.1971,5.5
226.3971,5.5
226.5971,5.5
226.7971,5.5
226.9971,5.5
227.1971,5.5
227.3971,5.5
227.5971,5.5
227.7971,5.5
227.9971,5.5
228.1971,5.5
228.3971,5.5
228.5971,5.5
228.7971,5.5
228.9971,5.5
229.1971,5.5
229.3971,5.5
229.5971,5.5
229.7981,5.5
229.9971,5.5
230.1971,5.5
230.3971,5.5
230.5971,5.5
230.7971,5.5
230.9971,5.5
231.1971,5.5
231.3971,5.5
231.5971,5.5
231.7971,5.5
231.9971,5.5
232.1971,5.5
232.3971,5.5
232.5971,5.5
232.7971,5.5
232.9971,5.5
233.1971,5.5
233.3971,5.5
233.5971,5.5
233.7971,5.5
233.9971,5.5
234.1971,5.5
234.3971,5.5
234.5971,5.5
234.7971,5.5
234.9971,5.5
235.1971,5.5
235.3971,5.5
235.5971,5.5
235.7971,5.5
235.9971,5.5
236.1971,5.5
236.3971,5.5
236.5971,5.5
236.7971,5.5
236.9971,5.5
237.1981,5.5
237.3981,5.5
237.5981,5.5
237.7971,5.5
237.9971,5.5
238.1971,5.5
238.3971,5.5
238.5971,5.5
238.7971,5.5
238.9971,5.5
239.1971,5.5
239.3971,5.5
239.5971,5.5
239.7971,5.5
239.9971,5.5
240.1981,5.5
240.3981,5.5
240.5971,5.5
240.7971,5.5
240.9971,5.5
241.1971,5.5
241.3981,5.5
241.5971,5.5
241.7971,5.5
241.9971,5.5
242.1971,5.5
242.3971,5.5
242.5971,5.5
242.7971,5.5
242.9971,5.5
243.1971,5.5
243.3981,5.5
243.5971,5.5
243.7971,5.5
243.9971,5.5
244.1971,5.5
244.3971,5.5
244.5971,5.5
244.7971,5.5
244.9971,5.5
245.1971,5.5
245.3981,5.5
245.5971,5.5
245.7971,5.5
245.9971,5.5
246.1981,5.5
246.3981,5.5
246.5971,5.5
246.7971,5.5
246.9971,5.5
247.1971,5.5
247.3971,5.5
247.5971,5.5
247.7971,5.5
247.9971,5.5
248.1971,5.5
248.3971,5.5
248.5971,5.5
248.7971,5.5
248.9971,5.5
249.1981,5.5
249.3971,5.5
249.5981,5.5
249.7971,5.5
249.9971,5.5
250.1971,5.5
250.3971,5.5
250.5981,5.5
250.7981,5.5
250.9981,5.5
251.1981,5.5
251.3981,5.5
251.5981,5.5
251.7981,5.5
251.9981,5.5
252.1981,5.5
252.3981,5.5
252.5981,5.5
252.7971,5.5
252.9971,5.5
253.1981,5.5
253.3981,5.5
253.5971,5.5
253.7971,5.5
253.9971,5.5
254.1971,5.5
254.3971,5.5
254.5971,5.5
254.7971,5.5
254.9971,5.5
255.1971,5.5
255.3971,5.5
255.5971,5.5
255.7971,5.5
255.9971,5.5
256.1971,5.5
256.3971,5.5
256.5971,5.5
256.7971,5.5
256.9981,5.5
257.1971,5.5
257.3971,5.5
257.5971,5.5
257.7971,5.5
257.9971,5.5
258.1971,5.5
258.3971,5.5
258.5971,5.5
258.7971,5.5
258.9971,5.5
259.1971,5.5
259.3971,5.5
259.5971,5.5
259.7971,5.5
259.9971,5.5
260.1971,5.5
260.3971,5.5
260.5971,5.5
260.7971,5.5
260.9971,5.5
261.1971,5.5
261.3971,5.5
261.5971,5.5
261.7971,5.5
261.9971,5.5
262.1971,5.5
262.3971,5.5
262.5971,5.5
262.7971,5.5
262.9971,5.5
263.1971,5.5
263.3971,5.5
263.5971,5.5
263.7971,5.5
263.9971,5.5
264.1971,5.5
264.3971,5.5
264.5971,5.5
264.7971,5.5
264.9971,5.5
265.1971,5.5
265.3971,5.5
265.5971,5.5
265.7971,5.5
265.9971,5.5
266.1971,5.5
266.3971,5.5
266.5971,5.5
266.7971,5.5
266.9971,5.5
267.1971,5.5
267.3971,5.5
267.5971,5.5
267.7971,5.5
267.9971,5.5
268.1971,5.5
268.3971,5.5
268.5971,5.5
268.7971,5.5
268.9971,5.5
269.1971,5.5
269.3971,5.5
269.5971,5.5
269.7971,5.5
269.9971,5.5
270.1971,5.5
270.3971,5.5
270.5971,5.5
270.7971,5.5
270.9971,5.5
271.1971,5.5
271.3971,5.5
271.5971,5.5
271.7971,5.5
271.9971,5.5
272.1971,5.5
272.3971,5.5
272.5971,5.5
272.7971,5.5
272.9971,5.5
273.1971,5.5
273.3971,5.5
273.5971,5.5
273.7971,5.5
273.9971,5.5
274.1971,5.5
274.3971,5.5
274.5971,5.5
274.7971,5.5
274.9971,5.5
275.1971,5.5
275.3971,5.5
275.5971,5.5
275.7971,5.5
275.9971,5.5
276.1971,5.5
276.3971,5.5
276.5971,5.5
276.7971,5.5
276.9971,5.5
277.1971,5.5
277.3971,5.5
277.5971,5.5
277.7971,5.5
277.9971,5.5
278.1971,5.5
278.3971,5.5
278.5971,5.5
278.7971,5.5
278.9971,5.5
279.1971,5.5
279.3971,5.5
279.5971,5.5
279.7971,5.5
279.9971,5.5
280.1971,5.5
280.3971,5.5
280.5971,5.5
280.7971,5.5
280.9971,5.5
281.1971,5.5
281.3971,5.5
281.5971,5.5
281.7971,5.5
281.9971,5.5
282.1971,5.5
282.3971,5.5
282.5971,5.5
282.7971,5.5
282.9971,5.5
283.1971,5.5
283.3971,5.5
283.5971,5.5
283.7971,5.5
283.9971,5.5
284.1971,5.5
284.3971,5.5
284.5971,5.5
284.7971,5.5
284.9971,5.5
285.1971,5.5
285.3971,5.5
285.5971,5.5
285.7971,5.5
285.9971,5.5
286.1971,5.5
286.3971,5.5
286.5971,5.5
286.7971,5.5
286.9971,5.5
287.1971,5.5
287.3971,5.5
287.5971,5.5
287.7971,5.5
287.9971,5.5
288.1971,5.5
288.3971,5.5
288.5971,5.5
288.7971,5.5
288.9971,5.5
289.1971,5.5
289.3971,5.5
289.5971,5.5
289.7971,5.5
289.9971,5.5
290.1971,5.5
290.3971,5.5
290.5971,5.5
290.7971,5.5
290.9971,5.5
291.1971,5.5
291.3971,5.5
291.5971,5.5
291.7971,5.5
291.9971,5.5
292.1971,5.5
292.3971,5.5
292.5971,5.5
292.7971,5.5
292.9971,5.5
293.1971,5.5
293.3971,5.5
293.5971,5.5
293.7971,5.5
293.9971,5.5
294.1971,5.5
294.3971,5.5
294.5971,5.5
294.7971,5.5
294.9971,5.5
295.1971,5.5
295.3961,5.5
295.5971,5.5
295.7971,5.5
295.9971,5.5
296.1971,5.5
296.3961,5.5
296.5971,5.5
296.7961,5.5
296.9961,5.5
297.1961,5.5
297.3961,5.5
297.5961,5.5
297.7961,5.5
297.9961,5.5
298.1971,5.5
298.3971,5.5
298.5961,5.5
298.7971,5.5
298.9971,5.5
299.1961,5.5
299.3971,5.5
299.5971,5.5
299.7971,5.5
299.9971,5.5
300.1961,5.5
300.3961,5.5
300.5961,5.5
300.7961,5.5
300.9961,5.5
301.1961,5.5
301.3961,5.5
301.5961,5.5
301.7961,5.5
301.9961,5.5
302.1961,5.5
302.3961,5.5
302.5971,5.5
302.7961,5.5
302.9961,5.5
303.1961,5.5
303.3961,5.5
303.5961,5.5
303.7961,5.5
303.9961,5.5
304.1971,5.5
304.3961,5.5
304.5961,5.5
304.7961,5.5
304.9961,5.5
305.1961,5.5
305.3961,5.5
305.5961,5.5
305.7961,5.5
305.9961,5.5
306.1961,5.5
306.3961,5.5
306.5961,5.5
306.7961,5.5
306.9961,5.5
307.1971,5.5
307.3961,5.5
307.5961,5.5
307.7961,5.5
307.9961,5.5
308.1961,5.5
308.3961,5.5
308.5961,5.5
308.7961,5.5
308.9961,5.5
309.1961,5.5
309.3961,5.5
309.5961,5.5
309.7961,5.5
309.9961,5.5
310.1961,5.5
310.3961,5.5
310.5961,5.5
310.7961,5.5
310.9961,5.5
311.1961,5.5
311.3961,5.5
311.5961,5.5
311.7961,5.5
311.9961,5.5
312.1961,5.5
312.3961,5.5
312.5961,5.5
312.7961,5.5
312.9961,5.5
313.1961,5.5
313.3961,5.5
313.5961,5.5
313.7961,5.5
313.9961,5.5
314.1961,5.5
314.3961,5.5
314.5961,5.5
314.7961,5.5
314.9961,5.5
315.1961,5.5
315.3961,5.5
315.5961,5.5
315.7961,5.5
315.9961,5.5
316.1961,5.5
316.3961,5.5
316.5971,5.5
316.7971,5.5
316.9961,5.5
317.1971,5.5
317.3971,5.5
317.5971,5.5
317.7971,5.5
317.9971,5.5
318.1971,5.5
318.3971,5.5
318.5971,5.5
318.7971,5.5
318.9971,5.5
319.1971,5.5
319.3971,5.5
319.5971,5.5
319.7971,5.5
319.9971,5.5
320.1971,5.5
320.3971,5.5
320.5961,5.5
320.7961,5.5
320.9961,5.5
321.1961,5.5
321.3961,5.5
321.5961,5.5
321.7961,5.5
321.9961,5.5
322.1961,5.5
322.3961,5.5
322.5961,5.5
322.7961,5.5
322.9961,5.5
323.1961,5.5
323.3961,5.5
323.5961,5.5
323.7961,5.5
323.9961,5.5
324.1961,5.5
324.3961,5.5
324.5961,5.5
324.7961,5.5
324.9961,5.5
325.1961,5.5
325.3961,5.5
325.5961,5.5
325.7961,5.5
325.9961,5.5
326.1961,5.5
326.3961,5.5
326.5961,5.5
326.7961,5.5
326.9961,5.5
327.1961,5.5
327.3961,5.5
327.5961,5.5
327.7961,5.5
327.9961,5.5
328.1961,5.5
328.3961,5.5
328.5961,5.5
328.7961,5.5
328.9961,5.5
329.1961,5.5
329.3961,5.5
329.5961,5.5
329.7961,5.5
329.9961,5.5
330.1961,5.5
330.3961,5.5
330.5961,5.5
330.7961,5.5
330.9961,5.5
331.1961,5.5
331.3961,5.5
331.5961,5.5
331.7961,5.5
331.9961,5.5
332.1961,5.5
332.3961,5.5
332.5961,5.5
332.7961,5.5
332.9961,5.5
333.1961,5.5
333.3961,5.5
333.5961,5.5
333.7961,5.5
333.9961,5.5
334.1961,5.5
334.3961,5.5
334.5961,5.5
334.7961,5.5
334.9961,5.5
335.1961,5.5
335.3961,5.5
335.5961,5.5
335.7961,5.5
335.9961,5.5
336.1961,5.5
336.3961,5.5
336.5961,5.5
336.7961,5.5
336.9961,5.5
337.1961,5.5
337.3961,5.5
337.5961,5.5
337.7961,5.5
337.9961,5.5
338.1961,5.5
338.3961,5.5
338.5961,5.5
338.7961,5.5
338.9961,5.5
339.1961,5.5
339.3961,5.5
339.5961,5.5
339.7961,5.5
339.9961,5.5
340.1961,5.5
340.3961,5.5
340.5961,5.5
340.7961,5.5
340.9961,5.5
341.1961,5.5
341.3961,5.5
341.5961,5.5
341.7961,5.5
341.9961,5.5
342.1961,5.5
342.3961,5.5
342.5961,5.5
342.7961,5.5
342.9961,5.5
343.1961,5.5
343.3961,5.5
343.5961,5.5
343.7961,5.5
343.9961,5.5
344.1961,5.5
344.3961,5.5
344.5961,5.5
344.7961,5.5
344.9961,5.5
345.1961,5.5
345.3961,5.5
345.5961,5.5
345.7961,5.5
345.9961,5.5
346.1961,5.5
346.3961,5.5
346.5961,5.5
346.7961,5.5
346.9961,5.5
347.1961,5.5
347.3961,5.5
347.5961,5.5
347.7961,5.5
347.9961,5.5
348.1961,5.5
348.3961,5.5
348.5961,5.5
348.7961,5.5
348.9951,5.5
349.1961,5.5
349.3961,5.5
349.5951,5.5
349.7961,5.5
349.9951,5.5
350.1961,5.5
350.3961,5.5
350.5961,5.5
350.7961,5.5
350.9961,5.5
351.1961,5.5
351.3961,5.5
351.5951,5.5
351.7951,5.5
351.9951,5.5
352.1951,5.5
352.3951,5.5
352.5951,5.5
352.7951,5.5
352.9951,5.5
353.1951,5.5
353.3951,5.5
353.5951,5.5
353.7951,5.5
353.9951,5.5
354.1951,5.5
354.3951,5.5
354.5951,5.5
354.7951,5.5
354.9951,5.5
355.1951,5.5
355.3951,5.5
355.5951,5.5
355.7951,5.5
355.9951,5.5
356.1951,5.5
356.3951,5.5
356.5951,5.5
356.7951,5.5
356.9951,5.5
357.1951,5.5
357.3951,5.5
357.5951,5.5
357.7951,5.5
357.9951,5.5
358.1951,5.5
358.3951,5.5
358.5951,5.5
358.7951,5.5
358.9951,5.5
359.1951,5.5
359.3951,5.5
359.5951,5.5
359.7951,5.5
359.9951,5.5
360.1951,5.5
360.3951,5.5
360.5951,5.5
360.7951,5.5
360.9951,5.5
361.1951,5.5
361.3951,5.5
361.5951,5.5
361.7951,5.5
361.9951,5.5
362.1951,5.5
362.3951,5.5
362.5951,5.5
362.7951,5.5
362.9951,5.5
363.1951,5.5
363.3951,5.5
363.5951,5.5
363.7951,5.5
363.9951,5.5
364.1951,5.5
364.3951,5.5
364.5951,5.5
364.7951,5.5
364.9951,5.5
365.1951,5.5
365.3951,5.5
365.5951,5.5
365.7951,5.5
365.9951,5.5
366.1951,5.5
366.3951,5.5
366.5951,5.5
366.7951,5.5
366.9951,5.5
367.1951,5.5
367.3951,5.5
367.5951,5.5
367.7951,5.5
367.9951,5.5
368.1951,5.5
368.3951,5.5
368.5951,5.5
368.7951,5.5
368.9951,5.5
369.1951,5.5
369.3951,5.5
369.5951,5.5
369.7951,5.5
369.9951,5.5
370.1951,5.5
370.3951,5.5
370.5951,5.5
370.7951,5.5
370.9951,5.5
371.1951,5.5
371.3951,5.5
371.5951,5.5
371.7951,5.5
371.9951,5.5
372.1951,5.5
372.3951,5.5
372.5951,5.5
372.7951,5.5
372.9951,5.5
373.1951,5.5
373.3951,5.5
373.5951,5.5
373.7951,5.5
373.9951,5.5
374.1951,5.5
374.3951,5.5
374.5951,5.5
374.7951,5.5
374.9951,5.5
375.1951,5.5
375.3951,5.5
375.5951,5.5
375.7951,5.5
375.9951,5.5
376.1951,5.5
376.3951,5.5
376.5951,5.5
376.7951,5.5
376.9951,5.5
377.1951,5.5
377.3951,5.5
377.5951,5.5
377.7951,5.5
377.9951,5.5
378.1951,5.5
378.3951,5.5
378.5951,5.5
378.7951,5.5
378.9951,5.5
379.1951,5.5
379.3951,5.5
379.5951,5.5
379.7951,5.5
379.9951,5.5
380.1951,5.5
380.3951,5.5
380.5951,5.5
380.7951,5.5
380.9951,5.5
381.1951,5.5
381.3951,5.5
381.5951,5.5
381.7951,5.5
381.9951,5.5
382.1951,5.5
382.3951,5.5
382.5951,5.5
382.7951,5.5
382.9951,5.5
383.1951,5.5
383.3951,5.5
383.5951,5.5
383.7951,5.5
383.9951,5.5
384.1951,5.5
384.3951,5.5
384.5951,5.5
384.7951,5.5
384.9951,5.5
385.1951,5.5
385.3951,5.5
385.5951,5.5
385.7951,5.5
385.9951,5.5
386.1951,5.5
386.3951,5.5
386.5951,5.5
386.7951,5.5
386.9951,5.5
387.1951,5.5
387.3951,5.5
387.5951,5.5
387.7951,5.5
387.9951,5.5
388.1951,5.5
388.3951,5.5
388.5951,5.5
388.7951,5.5
388.9951,5.5
389.1951,5.5
389.3951,5.5
389.5951,5.5
389.7951,5.5
389.9951,5.5
390.1951,5.5
390.3951,5.5
390.5951,5.5
390.7951,5.5
390.9951,5.5
391.1951,5.5
391.3951,5.5
391.5951,5.5
391.7951,5.5
391.9951,5.5
392.1951,5.5
392.3951,5.5
392.5951,5.5
392.7951,5.5
392.9951,5.5
393.1951,5.5
393.3951,5.5
393.5951,5.5
393.7951,5.5
393.9951,5.5
394.1951,5.5
394.3951,5.5
394.5951,5.5
394.7951,5.5
394.9951,5.5
395.1951,5.5
395.3951,5.5
395.5951,5.5
395.7951,5.5
395.9951,5.5
396.1951,5.5
396.3951,5.5
396.5951,5.5
396.7951,5.5
396.9951,5.5
397.1951,5.5
397.3951,5.5
397.5951,5.5
397.7951,5.5
397.9951,5.5
398.1951,5.5
398.3951,5.5
398.5951,5.5
398.7951,5.5
398.9951,5.5
399.1951,5.5
399.3951,5.5
399.5951,5.5
399.7951,5.5
399.9951,5.5
400.1951,5.5
400.3951,5.5
400.5951,5.5
400.7951,5.5
400.9951,5.5
401.1951,5.5
401.3951,5.5
401.5951,5.5
401.7951,5.5
401.9951,5.5
402.1951,5.5
402.3951,5.5
402.5951,5.5
402.7951,5.5
402.9951,5.5
403.1951,5.5
403.3951,5.5
403.5951,5.5
403.7951,5.5
403.9951,5.5
404.1951,5.5
404.3951,5.5
404.5951,5.5
404.7951,5.5
404.9951,5.5
405.1951,5.5
405.3951,5.5
405.5951,5.5
405.7951,5.5
405.9951,5.5
406.1951,5.5
406.3951,5.5
406.5951,5.5
406.7951,5.5
406.994,5.5
407.1941,5.5
407.3941,5.5
407.5941,5.5
407.7951,5.5
407.994,5.5
408.1951,5.5
408.3941,5.5
408.5951,5.5
408.7951,5.5
408.9951,5.5
409.1951,5.5
409.3941,5.5
409.5941,5.5
409.7941,5.5
409.994,5.5
410.1941,5.5
410.3941,5.5
410.5941,5.5
410.7941,5.5
410.994,5.5
411.1941,5.5
411.3941,5.5
411.5951,5.5
411.7951,5.5
411.9951,5.5
412.1951,5.5
412.3941,5.5
412.5941,5.5
412.7941,5.5
412.994,5.5
413.1941,5.5
413.3941,5.5
413.5941,5.5
413.7941,5.5
413.994,5.5
414.1941,5.5
414.3941,5.5
414.5941,5.5
414.7941,5.5
414.994,5.5
415.1941,5.5
415.3941,5.5
415.5941,5.5
415.7941,5.5
415.994,5.5
416.1941,5.5
416.3941,5.5
416.5941,5.5
416.7941,5.5
416.994,5.5
417.1941,5.5
417.3941,5.5
417.5941,5.5
417.7941,5.5
417.994,5.5
418.1941,5.5
418.3941,5.5
418.5941,5.5
418.7941,5.5
418.994,5.5
419.1941,5.5
419.3941,5.5
419.5941,5.5
419.7941,5.5
419.994,5.5
420.1941,5.5
420.3941,5.5
420.5951,5.5
420.7941,5.5
420.994,5.5
421.1941,5.5
421.3941,5.5
421.5941,5.5
421.7941,5.5
421.994,5.5
422.1941,5.5
422.3941,5.5
422.5941,5.5
422.7941,5.5
422.994,5.5
423.1941,5.5
423.3941,5.5
423.5941,5.5
423.7941,5.5
423.994,5.5
424.1941,5.5
424.3941,5.5
424.5941,5.5
424.7941,5.5
424.994,5.5
425.1941,5.5
425.3941,5.5
425.5941,5.5
425.7941,5.5
425.994,5.5
426.1941,5.5
426.3941,5.5
426.5941,5.5
426.7941,5.5
426.994,5.5
427.1941,5.5
427.3941,5.5
427.5941,5.5
427.7941,5.5
427.994,5.5
428.1941,5.5
428.3941,5.5
428.5941,5.5
428.7941,5.5
428.994,5.5
429.1941,5.5
429.3941,5.5
429.5941,5.5
429.7941,5.5
429.994,5.5
430.1941,5.5
430.3941,5.5
430.5941,5.5
430.7941,5.5
430.994,5.5
431.1941,5.5
431.3941,5.5
431.5941,5.5
431.7941,5.5
431.994,5.5
432.1941,5.5
432.3941,5.5
432.5941,5.5
432.7941,5.5
432.994,5.5
433.1941,5.5
433.3941,5.5
433.5941,5.5
433.7941,5.5
433.994,5.5
434.1941,5.5
434.3941,5.5
434.5941,5.5
434.7941,5.5
434.994,5.5
435.1941,5.5
435.3941,5.5
435.5941,5.5
435.7941,5.5
435.994,5.5
436.1941,5.5
436.3941,5.5
436.5941,5.5
436.7941,5.5
436.994,5.5
437.1941,5.5
437.3941,5.5
437.5941,5.5
437.7941,5.5
437.994,5.5
438.1941,5.5
438.3941,5.5
438.5941,5.5
438.7941,5.5
438.994,5.5
439.1941,5.5
439.3941,5.5
439.5941,5.5
439.7941,5.5
439.994,5.5
440.1941,5.5
440.3941,5.5
440.5941,5.5
440.7941,5.5
440.994,5.5
441.1941,5.5
441.3941,5.5
441.5941,5.5
441.7941,5.5
441.994,5.5
442.1941,5.5
442.3941,5.5
442.5941,5.5
442.7941,5.5
442.994,5.5
443.1941,5.5
443.3941,5.5
443.5941,5.5
443.7941,5.5
443.994,5.5
444.1941,5.5
444.3941,5.5
444.5941,5.5
444.7941,5.5
444.994,5.5
445.1941,5.5
445.3941,5.5
445.5941,5.5
445.7941,5.5
445.994,5.5
446.1941,5.5
446.3941,5.5
446.5941,5.5
446.7941,5.5
446.994,5.5
447.1941,5.5
447.3941,5.5
447.5941,5.5
447.7941,5.5
447.994,5.5
448.1941,5.5
448.3941,5.5
448.5941,5.5
448.7941,5.5
448.994,5.5
449.1941,5.5
449.3941,5.5
449.5941,5.5
449.7941,5.5
449.994,5.5
450.1941,5.5
450.3941,5.5
450.5941,5.5
450.7941,5.5
450.994,5.5
451.1941,5.5
451.3941,5.5
451.5941,5.5
451.7941,5.5
451.994,5.5
452.1941,5.5
452.3941,5.5
452.5941,5.5
452.7941,5.5
452.994,5.5
453.1941,5.5
453.3941,5.5
453.5941,5.5
453.7941,5.5
453.994,5.5
454.1941,5.5
454.3941,5.5
454.5941,5.5
454.7941,5.5
454.994,5.5
455.1941,5.5
455.3941,5.5
455.5941,5.5
455.7941,5.5
455.994,5.5
456.1941,5.5
456.3941,5.5
456.5941,5.5
456.7941,5.5
456.994,5.5
457.1941,5.5
457.3941,5.5
457.5941,5.5
457.7941,5.5
457.994,5.5
458.1941,5.5
458.3941,5.5
458.5941,5.5
458.7941,5.5
458.994,5.5
459.1941,5.5
459.3941,5.5
459.5941,5.5
459.7941,5.5
459.994,5.5
460.1941,5.5
460.3941,5.5
460.5941,5.5
460.7941,5.5
460.994,5.5
461.1941,5.5
461.3941,5.5
461.5941,5.5
461.7941,5.5
461.994,5.5
462.1941,5.5
462.3941,5.5
462.5941,5.5
462.7941,5.5
462.994,5.5
463.1941,5.5
463.3941,5.5
463.5941,5.5
463.7941,5.5
463.994,5.5
464.1941,5.5
464.3941,5.5
464.5941,5.5
464.7941,5.5
464.994,5.5
465.1941,5.5
465.3941,5.5
465.5941,5.5
465.7941,5.5
465.994,5.5
466.1941,5.5
466.3941,5.5
466.5941,5.5
466.7941,5.5
466.994,5.5
467.1941,5.5
467.3941,5.5
467.5941,5.5
467.7941,5.5
467.994,5.5
468.1941,5.5
468.3941,5.5
468.5941,5.5
468.7941,5.5
468.994,5.5
469.1941,5.5
469.3941,5.5
469.5941,5.5
469.7941,5.5
469.994,5.5
470.1941,5.5
470.3941,5.5
470.5941,5.5
470.7941,5.5
470.9931,5.5
471.1931,5.5
471.3941,5.5
471.593,5.5
471.7931,5.5
471.9931,5.5
472.1931,5.5
472.3931,5.5
472.593,5.5
472.7941,5.5
472.994,5.5
473.1941,5.5
473.3941,5.5
473.5941,5.5
473.7941,5.5
473.9931,5.5
474.1931,5.5
474.3931,5.5
474.593,5.5
474.7931,5.5
474.9931,5.5
475.1931,5.5
475.3931,5.5
475.593,5.5
475.7931,5.5
475.9931,5.5
476.1931,5.5
476.3931,5.5
476.593,5.5
476.7931,5.5
476.9931,5.5
477.1931,5.5
477.3931,5.5
477.593,5.5
477.7931,5.5
477.9931,5.5
478.1931,5.5
478.3931,5.5
478.593,5.5
478.7931,5.5
478.9931,5.5
479.1931,5.5
479.3931,5.5
479.593,5.5
479.7931,5.5
479.9931,5.5
480.1931,5.5
480.3931,5.5
480.593,5.5
480.7931,5.5
480.9931,5.5
481.1931,5.5
481.3931,5.5
481.593,5.5
481.7931,5.5
481.9931,5.5
482.1931,5.5
482.3931,5.5
482.593,5.5
482.7931,5.5
482.9931,5.5
483.1931,5.5
483.3931,5.5
483.593,5.5
483.7931,5.5
483.9931,5.5
484.1931,5.5
484.3931,5.5
484.593,5.5
484.7931,5.5
484.9931,5.5
485.1931,5.5
485.3931,5.5
485.593,5.5
485.7931,5.5
485.9931,5.5
486.1931,5.5
486.3931,5.5
486.593,5.5
486.7931,5.5
486.9931,5.5
487.1931,5.5
487.3931,5.5
487.593,5.5
487.7931,5.5
487.9931,5.5
488.1931,5.5
488.3931,5.5
488.593,5.5
488.7931,5.5
488.9931,5.5
489.1931,5.5
489.3931,5.5
489.593,5.5
489.7931,5.5
489.9931,5.5
490.1931,5.5
490.3931,5.5
490.593,5.5
490.7931,5.5
490.9931,5.5
491.1931,5.5
491.3931,5.5
491.593,5.5
491.7931,5.5
491.9931,5.5
492.1931,5.5
492.3931,5.5
492.593,5.5
492.7931,5.5
492.9931,5.5
493.1931,5.5
493.3931,5.5
493.593,5.5
493.7931,5.5
493.9931,5.5
494.1931,5.5
494.3931,5.5
494.593,5.5
494.7931,5.5
494.9931,5.5
495.1931,5.5
495.3931,5.5
495.593,5.5
495.7931,5.5
495.9931,5.5
496.1931,5.5
496.3931,5.5
496.593,5.5
496.7931,5.5
496.9931,5.5
497.1931,5.5
497.3931,5.5
497.593,5.5
497.7931,5.5
497.9931,5.5
498.1931,5.5
498.3931,5.5
498.593,5.5
498.7931,5.5
498.9931,5.5
499.1931,5.5
499.3931,5.5
499.593,5.5
499.7931,5.5
499.9931,5.5
500.1931,5.5
500.3931,5.5
500.593,5.5
500.7931,5.5
500.9931,5.5
501.1931,5.5
501.3931,5.5
501.593,5.5
501.7931,5.5
501.9931,5.5
502.1931,5.5
502.3931,5.5
502.593,5.5
502.7931,5.5
502.9931,5.5
503.1931,5.5
503.3931,5.5
503.593,5.5
503.7931,5.5
503.9931,5.5
504.1931,5.5
504.3931,5.5
504.593,5.5
504.7931,5.5
504.9931,5.5
505.1931,5.5
505.3931,5.5
505.593,5.5
505.7931,5.5
505.9931,5.5
506.1931,5.5
506.3931,5.5
506.593,5.5
506.7931,5.5
506.9931,5.5
507.1931,5.5
507.3931,5.5
507.593,5.5
507.7931,5.5
507.9931,5.5
508.1931,5.5
508.3931,5.5
508.593,5.5
508.7931,6
508.9931,6
509.1931,6
509.3931,6
509.593,6
509.7931,6
509.9931,6
510.1931,6
510.3931,6
510.593,6
510.7931,6
510.9931,6
511.1931,6
511.3931,6
511.593,6
511.7931,6
511.9931,6
512.1931,6
512.3931,6
512.5931,6
512.7931,6
512.993,6
513.1931,6
513.3931,6
513.5931,6
513.7931,6
513.993,6
514.1931,6
514.3931,6
514.5931,6
514.7931,6
514.993,6
515.1931,6
515.3931,6
515.5931,6
515.7931,6
515.993,6
516.1931,6
516.3931,6
516.5931,6
516.7931,6
516.993,6
517.1931,6
517.3931,6
517.5931,6
517.7931,6
517.993,6
518.1931,6
518.3931,6
518.5931,6
518.7931,6
518.993,6
519.1931,6
519.3931,6
519.5931,6
519.7931,6
519.993,6
520.1931,6
520.3931,6
520.5931,6
520.7931,6
520.993,6
521.1931,6
521.3931,6
521.5931,6
521.7931,6
521.993,6
522.1931,6
522.3931,6
522.5931,6
522.7931,6
522.993,6
523.1931,6
523.3931,6
523.5931,6
523.7931,6
523.993,6
524.1931,6
524.3931,6
524.5931,6
524.7931,6
524.993,6
525.1931,6
525.3931,6
525.5931,6
525.7931,6
525.993,6
526.1931,6
526.3931,6
526.5931,6
526.7931,6
526.993,6
527.1931,6
527.3931,6
527.5931,6
527.7931,6
527.993,6
528.1931,6
528.3931,6
528.5931,6
528.7931,6
528.993,6
529.1931,6
529.3931,6
529.592,6
529.7921,6
529.9921,6
530.1921,6
530.3921,6
530.592,6
530.7931,6
530.993,6
531.1931,6
531.3931,6
531.5931,6
531.7931,6
531.9921,6
532.1921,6
532.3921,6
532.592,6
532.7921,6
532.9921,6
533.1921,6
533.3921,6
533.592,6
533.7921,6
533.993,6
534.1931,6
534.3921,6
534.5931,6
534.7931,6
534.9921,6
535.1921,6
535.3921,6
535.592,6
535.7931,6
535.9921,6
536.1921,6
536.3921,6
536.592,6
536.7921,6
536.9921,6
537.1921,6
537.3921,6
537.592,6
537.7921,6
537.9921,6
538.1921,6
538.3921,6
538.592,6
538.7921,6
538.9921,6
539.1921,6
539.3921,6
539.592,6
539.7921,6
539.9921,6
540.1921,6
540.3921,6
540.592,6
540.7921,6
540.9921,6
541.1921,6
541.3921,6
541.592,6
541.7921,6
541.9921,6
542.1921,6
542.3921,6
542.592,6
542.7921,6
542.9921,6
543.1921,6
543.3921,6
543.592,6
543.7921,6
543.9921,6
544.1921,6
544.3921,6
544.592,6
544.7921,6
544.9921,6
545.1921,6
545.3921,6
545.592,6
545.7921,5.5
545.9921,5.5
546.1921,5.5
546.3921,5.5
546.592,5.5
546.7921,5.5
546.9921,5.5
547.1921,5.5
547.3921,5.5
547.592,5.5
547.7921,5.5
547.9921,5.5
548.1921,5.5
548.3921,5.5
548.592,5.5
548.7921,5.5
548.9921,5.5
549.1921,5.5
549.3921,5.5
549.592,5.5
549.7921,5.5
549.9921,5.5
550.1921,5.5
550.3921,5.5
550.592,5.5
550.7921,5.5
550.9921,5.5
551.1921,5.5
551.3921,5.5
551.592,5.5
551.7921,5.5
551.9921,5.5
552.1921,5.5
552.3921,5.5
552.592,5.5
552.7921,5.5
552.9921,5.5
553.1921,5.5
553.3921,5.5
553.592,5.5
553.7921,5.5
553.9921,5.5
554.1921,5.5
554.3921,5.5
554.592,5.5
554.7921,5.5
554.9921,5.5
555.1921,5.5
555.3921,5.5
555.592,5.5
555.7921,5.5
555.9921,5.5
556.1921,5.5
556.3921,5.5
556.592,5.5
556.7921,5.5
556.9921,5.5
557.1921,5.5
557.3921,5.5
557.592,5.5
557.7921,5.5
557.9921,5.5
558.1921,5.5
558.3921,5.5
558.592,5.5
558.7921,5.5
558.9921,5.5
559.1921,5.5
559.3921,5.5
559.592,5.5
559.7921,5.5
559.9921,5.5
560.1921,5.5
560.3921,5.5
560.592,5.5
560.7921,5.5
560.9921,5.5
561.1921,5.5
561.3921,5.5
561.592,5.5
561.7921,5.5
561.9921,5.5
562.1921,5.5
562.3921,5.5
562.592,5.5
562.7921,5.5
562.9921,5.5
563.1921,5.5
563.3921,5.5
563.592,5.5
563.7921,5.5
563.9921,5.5
564.1921,5.5
564.3921,5.5
564.592,5.5
564.7921,5.5
564.9921,5.5
565.1921,5.5
565.3921,5.5
565.592,5.5
565.7921,5.5
565.9921,5.5
566.1921,5.5
566.3921,5.5
566.592,5.5
566.7921,5.5
566.9921,5.5
567.1921,5.5
567.3921,5.5
567.592,5.5
567.7921,5.5
567.9921,5.5
568.1921,5.5
568.3921,5.5
568.592,5.5
568.7921,5.5
568.9921,5.5
569.1921,5.5
569.3921,5.5
569.592,5.5
569.7921,5.5
569.9921,5.5
570.1921,5.5
570.3921,5.5
570.592,5.5
570.7921,5.5
570.9921,5.5
571.1921,5.5
571.3921,5.5
571.592,5.5
571.7921,5.5
571.9921,5.5
572.1921,5.5
572.3921,5.5
572.592,5.5
572.7921,5.5
572.9921,5.5
573.1921,5.5
573.3921,5.5
573.592,5.5
573.7921,5.5
573.9921,5.5
574.1921,5.5
574.3921,5.5
574.592,5.5
574.7921,5.5
574.9921,5.5
575.1921,5.5
575.3921,5.5
575.592,5.5
575.7921,5.5
575.9921,5.5
576.1921,5.5
576.3921,5.5
576.592,5.5
576.7921,5.5
576.9921,5.5
577.1921,5.5
577.3921,5.5
577.592,5.5
577.7921,5.5
577.9921,5.5
578.1921,5.5
578.3921,5.5
578.592,5.5
578.7921,5.5
578.9921,5.5
579.1921,5.5
579.3921,5.5
579.592,5.5
579.7921,5.5
579.9921,5.5
580.1921,5.5
580.3921,5.5
580.592,5.5
580.7921,5.5
580.9921,5.5
581.1921,5.5
581.3921,5.5
581.592,5.5
581.7921,5.5
581.9921,5.5
582.1921,5.5
582.3921,5.5
582.592,5.5
582.7921,5.5
582.9921,5.5
583.1921,5.5
583.3921,5.5
583.592,5.5
583.7921,5.5
583.9921,5.5
584.1921,5.5
584.3921,5.5
584.592,5.5
584.7921,5.5
584.9921,5.5
585.1921,5.5
585.3921,5.5
585.592,5.5
585.7921,5.5
585.9921,5.5
586.1921,5.5
586.3921,5.5
586.592,5.5
586.7921,5.5
586.9921,5.5
587.1921,5.5
587.3921,5.5
587.592,5.5
587.7921,5.5
587.9921,5.5
588.1921,5.5
588.3921,5.5
588.5911,5.5
588.7921,5.5
588.9911,5.5
589.191,5.5
589.3911,5.5
589.5911,5.5
589.7911,5.5
589.9921,5.5
590.191,5.5
590.3911,5.5
590.5911,5.5
590.7911,5.5
590.9911,5.5
591.191,5.5
591.3911,5.5
591.5911,5.5
591.7911,5.5
591.9921,5.5
592.1921,5.5
592.3921,5.5
592.592,5.5
592.7921,5.5
592.9911,5.5
593.191,5.5
593.3911,5.5
593.5911,5.5
593.7911,5.5
593.9911,5.5
594.191,5.5
594.3911,5.5
594.5911,5.5
594.7911,5.5
594.9921,5.5
595.1921,5.5
595.3911,5.5
595.5911,5.5
595.7911,5.5
595.9911,5.5
596.191,5.5
596.3911,5.5
596.5911,5.5
596.7911,5.5
596.9911,5.5
597.191,5.5
597.3911,5.5
597.5911,5.5
597.7911,5.5
597.9911,5.5
598.1921,5.5
598.3911,5.5
598.5911,5.5
598.7921,5.5
598.9911,5.5
599.191,5.5
599.3911,5.5
599.592,5.5
599.7921,5.5
599.9911,5.5
600.1921,5.5
600.3911,5.5
600.592,5.5
600.7921,5.5
600.9921,5.5
601.191,5.5
601.3911,5.5
601.592,5.5
601.7911,5.5
601.9911,5.5
602.191,5.5
602.3911,5.5
602.5911,5.5
602.7911,5.5
602.9911,5.5
603.191,5.5
603.3911,5.5
603.5911,5.5
603.7911,5.5
603.9921,5.5
604.191,5.5
604.3911,5.5
604.5911,5.5
604.7911,5.5
604.9911,5.5
605.191,5.5
605.3911,5.5
605.5911,5.5
605.7911,5.5
605.9911,5.5
606.191,5.5
606.3911,5.5
606.5911,5.5
606.7911,5.5
606.9911,5.5
607.191,5.5
607.3921,5.5
607.5911,5.5
607.7921,5.5
607.9921,5.5
608.1921,5.5
608.3921,5.5
608.592,5.5
608.7921,5.5
608.9911,5.5
609.191,5.5
609.3921,5.5
609.5911,5.5
609.7911,5.5
609.9911,5.5
610.191,5.5
610.3911,5.5
610.592,5.5
610.7911,5.5
610.9911,5.5
611.191,5.5
611.3911,5.5
611.5911,5.5
611.7911,5.5
611.9911,5.5
612.191,5.5
612.3911,5.5
612.5911,5.5
612.7911,5.5
612.9911,5.5
613.1921,5.5
613.3911,5.5
613.5911,5.5
613.7911,5.5
613.9911,5.5
614.191,5.5
614.3911,5.5
614.5911,5.5
614.7911,5.5
614.9911,5.5
615.191,5.5
615.3911,5.5
615.5911,5.5
615.7911,5.5
615.9911,5.5
616.191,5.5
616.3911,5.5
616.5911,5.5
616.7911,5.5
616.9911,5.5
617.191,5.5
617.3911,5.5
617.5911,5.5
617.7911,5.5
617.9911,5.5
618.191,5.5
618.3911,5.5
618.5911,5.5
618.7911,5.5
618.9911,5.5
619.191,5.5
619.3911,5.5
619.5911,5.5
619.7911,5.5
619.9911,5.5
620.191,5.5
620.3911,5.5
620.5911,5.5
620.7911,5.5
620.9911,5.5
621.191,5.5
621.3911,5.5
621.5911,5.5
621.7911,5.5
621.9911,5.5
622.191,5.5
622.3911,5.5
622.5911,5.5
622.7911,5.5
622.9911,5.5
623.191,5.5
623.3911,5.5
623.5911,5.5
623.7911,5.5
623.9911,5.5
624.191,5.5
624.3911,5.5
624.5911,5.5
624.7911,5.5
624.9911,5.5
625.191,5.5
625.3911,5.5
625.5911,5.5
625.7911,5.5
625.9911,5.5
626.191,5.5
626.3911,5.5
626.5911,5.5
626.7911,5.5
626.9911,5.5
627.191,5.5
627.3911,5.5
627.5911,5.5
627.7911,5.5
627.9911,5.5
628.191,5.5
628.3911,5.5
628.5911,5.5
628.7911,5.5
628.9911,5.5
629.191,5.5
629.3911,5.5
629.5911,5.5
629.7911,5.5
629.9911,5.5
630.191,5.5
630.3911,5.5
630.5911,5.5
630.7911,5.5
630.9911,5.5
631.191,5.5
631.3911,5.5
631.5911,5.5
631.7911,5.5
631.9911,5.5
632.191,5.5
632.3911,5.5
632.5911,5.5
632.7911,5.5
632.9911,5.5
633.191,5.5
633.3911,5.5
633.5911,5.5
633.7911,5.5
633.9911,5.5
634.191,5.5
634.3911,5.5
634.5911,5.5
634.7911,5.5
634.9911,5.5
635.191,5.5
635.3911,5.5
635.5911,5.5
635.7911,5.5
635.9911,5.5
636.191,5.5
636.3911,5.5
636.5911,5.5
636.7911,5.5
636.9911,5.5
637.191,5.5
637.3911,5.5
637.5911,5.5
637.7911,5.5
637.9911,5.5
638.191,5.5
638.3911,5.5
638.5911,5.5
638.7911,5.5
638.9911,5.5
639.191,5.5
639.3911,5.5
639.5911,5.5
639.7911,5.5
639.9911,5.5
640.191,5.5
640.3911,5.5
640.5911,5.5
640.7911,5.5
640.9911,5.5
641.191,5.5
641.3911,5.5
641.5911,5.5
641.7911,5.5
641.9911,5.5
642.191,5.5
642.3911,5.5
642.5911,5.5
642.7911,5.5
642.9911,5.5
643.191,5.5
643.3911,5.5
643.5911,5.5
643.7911,5.5
643.9911,5.5
644.191,5.5
644.3911,5.5
644.5911,5.5
644.7911,5.5
644.9911,5.5
645.191,5.5
645.3911,5.5
645.5911,5.5
645.7911,5.5
645.9911,5.5
646.191,5.5
646.3911,5.5
646.5911,5.5
646.7911,5.5
646.9911,5.5
647.191,5.5
647.3911,5.5
647.5911,5.5
647.7911,5.5
647.9911,5.5
648.191,5.5
648.3911,5.5
648.5911,5.5
648.79,5.5
648.9901,5.5
649.1901,5.5
649.3901,5.5
649.5901,5.5
649.79,5.5
649.9901,5.5
650.1901,5.5
650.3901,5.5
650.5901,5.5
650.79,5.5
650.9901,5.5
651.1901,5.5
651.3901,5.5
651.5901,5.5
651.79,5.5
651.9911,5.5
652.1901,5.5
652.3901,5.5
652.5901,5.5
652.79,5.5
652.9901,5.5
653.191,5.5
653.3901,5.5
653.5901,5.5
653.7911,5.5
653.9911,5.5
654.1901,5.5
654.3901,5.5
654.5901,5.5
654.79,5.5
654.9901,5.5
655.1901,5.5
655.3901,5.5
655.5901,5.5
655.79,5.5
655.9901,5.5
656.191,5.5
656.3901,5.5
656.5901,5.5
656.79,5.5
656.9901,5.5
657.1901,5.5
657.3901,5.5
657.5901,5.5
657.79,5.5
657.9901,5.5
658.1901,5.5
658.3901,5.5
658.5901,5.5
658.79,5.5
658.9901,5.5
659.1901,5.5
659.3901,5.5
659.5901,5.5
659.79,5.5
659.9901,5.5
660.1901,5.5
660.3901,5.5
660.5901,5.5
660.79,5.5
660.9901,5.5
661.1901,5.5
661.3901,5.5
661.5901,5.5
661.79,5.5
661.9901,5.5
662.1901,5.5
662.3901,5.5
662.5901,5.5
662.79,5.5
662.9901,5.5
663.1901,5.5
663.3901,5.5
663.5901,5.5
663.79,5.5
663.9901,5.5
664.1901,5.5
664.3901,5.5
664.5901,5.5
664.79,5.5
664.9901,5.5
665.1901,5.5
665.3901,5.5
665.5901,5.5
665.79,5.5
665.9901,5.5
666.1901,5.5
666.3901,5.5
666.5901,5.5
666.79,5.5
666.9901,5.5
667.1901,5.5
667.3901,5.5
667.5901,5.5
667.79,5.5
667.9901,5.5
668.1901,5.5
668.3901,5.5
668.5901,5.5
668.79,5.5
668.9901,5.5
669.1901,5.5
669.3901,5.5
669.5901,5.5
669.79,5.5
669.9901,5.5
670.1901,5.5
670.3901,5.5
670.5901,5.5
670.79,5.5
670.9901,5.5
671.1901,5.5
671.3901,5.5
671.5901,5.5
671.79,5.5
671.9901,5.5
672.1901,5.5
672.3901,5.5
672.5901,5.5
672.79,5.5
672.9901,5.5
673.1901,5.5
673.3901,5.5
673.5901,5.5
673.79,5.5
673.9901,5.5
674.1901,5.5
674.3901,5.5
674.5901,5.5
674.79,5.5
674.9901,5.5
675.1901,5.5
675.3901,5.5
675.5901,5.5
675.79,5.5
675.9901,5.5
676.1901,5.5
676.3901,5.5
676.5901,5.5
676.79,5.5
676.9901,5.5
677.1901,5.5
677.3901,5.5
677.5901,5.5
677.79,5.5
677.9901,5.5
678.1901,5.5
678.3901,5.5
678.5901,5.5
678.79,5.5
678.9901,5.5
679.1901,5.5
679.3901,5.5
679.5901,5.5
679.79,5.5
679.9901,5.5
680.1901,5.5
680.3901,5.5
680.5901,5.5
680.79,5.5
680.9901,5.5
681.1901,5.5
681.3901,5.5
681.5901,5.5
681.79,5.5
681.9901,5.5
682.1901,5.5
682.3901,5.5
682.5901,5.5
682.79,5.5
682.9901,5.5
683.1901,5.5
683.3901,5.5
683.5901,5.5
683.79,5.5
683.9901,5.5
684.1901,5.5
684.3901,5.5
684.5901,5.5
684.79,5.5
684.9901,5.5
685.1901,5.5
685.3901,5.5
685.5901,5.5
685.79,5.5
685.9901,5.5
686.1901,5.5
686.3901,5.5
686.5901,5.5
686.79,5.5
686.9901,5.5
687.1901,5.5
687.3901,5.5
687.5901,5.5
687.79,5.5
687.9901,5.5
688.1901,5.5
688.3901,5.5
688.5901,5.5
688.79,5.5
688.9901,5.5
689.1901,5.5
689.3901,5.5
689.5901,5.5
689.79,5.5
689.9901,5.5
690.1901,5.5
690.3901,5.5
690.5901,5.5
690.79,5.5
690.9901,5.5
691.1901,5.5
691.3901,5.5
691.5901,5.5
691.79,5.5
691.9901,5.5
692.1901,5.5
692.3901,5.5
692.5901,5.5
692.79,5.5
692.9901,5.5
693.1901,5.5
693.3901,5.5
693.5901,5.5
693.79,5.5
693.9901,5.5
694.1901,5.5
694.3901,5.5
694.5901,5.5
694.79,5.5
694.9901,5.5
695.1901,5.5
695.3901,5.5
695.5901,5.5
695.79,5.5
695.9901,5.5
696.1901,5.5
696.3901,5.5
696.5901,5.5
696.79,5.5
696.9901,5.5
697.1901,5.5
697.3901,5.5
697.5901,5.5
697.79,5.5
697.9901,5.5
698.1901,5.5
698.3901,5.5
698.5901,5.5
698.79,5.5
698.9901,5.5
699.1901,5.5
699.3901,5.5
699.5901,5.5
699.79,5.5
699.9901,5.5
700.1901,5.5
700.3901,5.5
700.5901,5.5
700.79,5.5
700.9901,5.5
701.1901,5.5
701.3901,5.5
701.5901,5.5
701.79,5.5
701.9901,5.5
702.1901,5.5
702.3901,5.5
702.5901,5.5
702.79,5.5
702.9901,5.5
703.1901,5.5
703.3901,5.5
703.5901,5.5
703.79,5.5
703.9901,5.5
704.1901,5.5
704.3901,5.5
704.5901,5.5
704.79,5.5
704.9901,5.5
705.1901,5.5
705.3901,5.5
705.5901,5.5
705.79,5.5
705.9901,5.5
706.1901,5.5
706.3901,5.5
706.5901,5.5
706.79,5.5
706.9901,5.5
707.1901,5.5
707.3901,5.5
707.5901,5.5
707.79,5.5
707.9901,5.5
708.1901,5.5
708.3901,5.5
708.5901,5.5
708.79,5.5
708.9901,5.5
709.1891,5.5
709.3901,5.5
709.5891,5.5
709.7891,5.5
709.9901,5.5
710.1901,5.5
710.389,5.5
710.5891,5.5
710.7891,5.5
710.9901,5.5
711.1891,5.5
711.389,5.5
711.5891,5.5
711.7891,5.5
711.9891,5.5
712.1891,5.5
712.389,5.5
712.5891,5.5
712.7891,5.5
712.9891,5.5
713.1891,5.5
713.389,5.5
713.5891,5.5
713.7891,5.5
713.9901,5.5
714.1891,5.5
714.3901,5.5
714.5891,5.5
714.7891,5.5
714.9891,5.5
715.1891,5.5
715.389,5.5
715.5891,5.5
715.7891,5.5
715.9891,5.5
716.1891,5.5
716.389,5.5
716.5891,5.5
716.7891,5.5
716.9891,5.5
717.1891,5.5
717.3901,5.5
717.5891,5.5
717.79,5.5
717.9891,5.5
718.1891,5.5
718.389,5.5
718.5891,5.5
718.7891,5.5
718.9891,5.5
719.1891,5.5
719.389,5.5
719.5891,5.5
719.7891,5.5
719.9891,5.5
720.1891,5.5
720.389,5.5
720.5891,5.5
720.7891,5.5
720.9891,5.5
721.1891,5.5
721.389,5.5
721.5891,5.5
721.7891,5.5
721.9891,5.5
722.1891,5.5
722.389,5.5
722.5891,5.5
722.7891,5.5
722.9891,5.5
723.1891,5.5
723.389,5.5
723.5891,5.5
723.7891,5.5
723.9891,5.5
724.1891,5.5
724.389,5.5
724.5891,5.5
724.7891,5.5
724.9891,5.5
725.1891,5.5
725.389,5.5
725.5891,5.5
725.7891,5.5
725.9891,5.5
726.1891,5.5
726.389,5.5
726.5891,5.5
726.7891,5.5
726.9891,5.5
727.1891,5.5
727.389,5.5
727.5891,5.5
727.7891,5.5
727.9891,5.5
728.1891,5.5
728.389,5.5
728.5891,5.5
728.7891,5.5
728.9891,5.5
729.1891,5.5
729.389,5.5
729.5891,5.5
729.7891,5.5
729.9891,5.5
730.1891,5.5
730.389,5.5
730.5891,5.5
730.7891,5.5
730.9891,5.5
731.1891,5.5
731.389,5.5
731.5891,5.5
731.7891,5.5
731.9891,5.5
732.1891,5.5
732.389,5.5
732.5891,5.5
732.7891,5.5
732.9891,5.5
733.1891,5.5
733.389,5.5
733.5891,5.5
733.7891,5.5
733.9891,5.5
734.1891,5.5
734.389,5.5
734.5891,5.5
734.7891,5.5
734.9891,5.5
735.1891,5.5
735.389,5.5
735.5891,5.5
735.7891,5.5
735.9891,5.5
736.1891,5.5
736.389,5.5
736.5891,5.5
736.7891,5.5
736.9891,5.5
737.1891,5.5
737.389,5.5
737.5891,5.5
737.7891,5.5
737.9891,5.5
738.1891,5.5
738.389,5.5
738.5891,5.5
738.7891,5.5
738.9891,5.5
739.1891,5.5
739.389,5.5
739.5891,5.5
739.7891,5.5
739.9891,5.5
740.1891,5.5
740.389,5.5
740.5891,5.5
740.7891,5.5
740.9891,5.5
741.1891,5.5
741.389,5.5
741.5891,5.5
741.7891,5.5
741.9891,5.5
742.1891,5.5
742.389,5.5
742.5891,5.5
742.7891,5.5
742.9891,5.5
743.1891,5.5
743.389,5.5
743.5891,5.5
743.7891,5.5
743.9891,5.5
744.1891,5.5
744.389,5.5
744.5891,5.5
744.7891,5.5
744.9891,5.5
745.1891,5.5
745.389,5.5
745.5891,5.5
745.7891,5.5
745.9891,5.5
746.1891,5.5
746.389,5.5
746.5891,5.5
746.7891,5.5
746.9891,5.5
747.1891,5.5
747.389,5.5
747.5891,5.5
747.7891,5.5
747.9891,5.5
748.1891,5.5
748.389,5.5
748.5891,5.5
748.7891,5.5
748.9891,5.5
749.1891,5.5
749.389,5.5
749.5891,5.5
749.7891,5.5
749.9891,5.5
750.1891,5.5
750.389,5.5
750.5891,5.5
750.7891,5.5
750.9891,5.5
751.1891,5.5
751.389,5.5
751.5891,5.5
751.7891,5.5
751.9891,5.5
752.1891,5.5
752.389,5.5
752.5891,5.5
752.7891,5.5
752.9891,5.5
753.1891,5.5
753.389,5.5
753.5891,5.5
753.7891,5.5
753.9891,5.5
754.1891,5.5
754.389,5.5
754.5891,5.5
754.7891,5.5
754.9891,5.5
755.1891,5.5
755.389,5.5
755.5891,5.5
755.7891,5.5
755.9891,5.5
756.1891,5.5
756.389,5.5
756.5891,5.5
756.7891,5.5
756.9891,5.5
757.1891,5.5
757.389,5.5
757.5891,5.5
757.7891,5.5
757.9891,5.5
758.1891,5.5
758.389,5.5
758.5891,5.5
758.7891,5.5
758.9891,5.5
759.1891,5.5
759.389,5.5
759.5891,5.5
759.7891,5.5
759.9891,5.5
760.1891,5.5
760.389,5.5
760.5891,5.5
760.7891,5.5
760.9891,5.5
761.1891,5.5
761.389,5.5
761.5891,5.5
761.7891,5.5
761.9891,5.5
762.1891,5.5
762.389,5.5
762.5891,5.5
762.7891,5.5
762.9891,5.5
763.1891,5.5
763.389,5.5
763.5891,5.5
763.7891,5.5
763.9891,5.5
764.1891,5.5
764.389,5.5
764.5891,5.5
764.7891,5.5
764.9891,5.5
765.1891,5.5
765.389,5.5
765.5891,5.5
765.7891,5.5
765.9891,5.5
766.1891,5.5
766.389,5.5
766.5891,5.5
766.7891,5.5
766.9891,5.5
767.1891,5.5
767.389,5.5
767.5891,5.5
767.7891,5.5
767.9891,5.5
768.1891,5.5
768.389,5.5
768.5891,5.5
768.7881,5.5
768.988,5.5
769.188,5.5
769.3881,5.5
769.5881,5.5
769.7881,5.5
769.988,5.5
770.188,5.5
770.3881,5.5
770.5881,5.5
770.7881,5.5
770.988,5.5
771.188,5.5
771.3881,5.5
771.5881,5.5
771.7881,5.5
771.988,5.5
772.188,5.5
772.3881,5.5
772.5881,5.5
772.7881,5.5
772.988,5.5
773.188,5.5
773.3881,5.5
773.5881,5.5
773.7881,5.5
773.988,5.5
774.188,5.5
774.3881,5.5
774.5881,5.5
774.7881,5.5
774.988,5.5
775.188,5.5
775.3881,5.5
775.5891,5.5
775.7881,5.5
775.9891,5.5
776.188,5.5
776.3881,5.5
776.5881,5.5
776.7881,5.5
776.988,5.5
777.188,5.5
777.3881,5.5
777.5881,5.5
777.7881,5.5
777.988,5.5
778.188,5.5
778.3881,5.5
778.5891,5.5
778.7881,5.5
778.988,5.5
779.188,5.5
779.3881,5.5
779.5881,5.5
779.7881,5.5
779.988,5.5
780.188,5.5
780.3881,5.5
780.5881,5.5
780.7881,5.5
780.988,5.5
781.188,5.5
781.3881,5.5
781.5881,5.5
781.7881,5.5
781.988,5.5
782.188,5.5
782.3881,5.5
782.5881,5.5
782.7881,5.5
782.988,5.5
783.188,5.5
783.3881,5.5
783.5881,5.5
783.7881,5.5
783.988,5.5
784.188,5.5
784.3881,5.5
784.5881,5.5
784.7881,5.5
784.988,5.5
785.188,5.5
785.3881,5.5
785.5881,5.5
785.7881,5.5
785.988,5.5
786.188,5.5
786.3881,5.5
786.5881,5.5
786.7881,5.5
786.988,5.5
787.188,5.5
787.3881,5.5
787.5891,5.5
787.7881,5.5
787.988,5.5
788.188,5.5
788.3881,5.5
788.5881,5.5
788.7881,5.5
788.988,5.5
789.188,5.5
789.3881,5.5
789.5881,5.5
789.7881,5.5
789.988,5.5
790.188,5.5
790.3881,5.5
790.5881,5.5
790.7881,5.5
790.988,5.5
791.188,5.5
791.3881,5.5
791.5881,5.5
791.7881,5.5
791.988,5.5
792.188,5.5
792.3881,5.5
792.5881,5.5
792.7881,5.5
792.988,5.5
793.188,5.5
793.3881,5.5
793.5881,5.5
793.7881,5.5
793.988,5.5
794.188,5.5
794.3881,5.5
794.5881,5.5
794.7881,5.5
794.988,5.5
795.188,5.5
795.3881,5.5
795.5881,5.5
795.7881,5.5
795.988,5.5
796.188,5.5
796.3881,5.5
796.5881,5.5
796.7881,5.5
796.988,5.5
797.188,5.5
797.3881,5.5
797.5881,5.5
797.7881,5.5
797.988,5.5
798.188,5.5
798.3881,5.5
798.5881,5.5
798.7881,5.5
798.988,5.5
799.188,5.5
799.3881,5.5
799.5881,5.5
799.7881,5.5
799.988,5.5
800.188,5.5
800.3881,5.5
800.5881,5.5
800.7881,5.5
800.988,5.5
801.188,5.5
801.3881,5.5
801.5881,5.5
801.7881,5.5
801.988,5.5
802.188,5.5
802.3881,5.5
802.5881,5.5
802.7881,5.5
802.988,5.5
803.188,5.5
803.3881,5.5
803.5881,5.5
803.7881,5.5
803.988,5.5
804.188,5.5
804.3881,5.5
804.5881,5.5
804.7881,5.5
804.988,5.5
805.188,5.5
805.3881,5.5
805.5881,5.5
805.7881,5.5
805.988,5.5
806.188,5.5
806.3881,5.5
806.5881,5.5
806.7881,5.5
806.988,5.5
807.188,5.5
807.3881,5.5
807.5881,5.5
807.7881,5.5
807.988,5.5
808.188,5.5
808.3881,5.5
808.5881,5.5
808.7881,5.5
808.988,5.5
809.188,5.5
809.3881,5.5
809.5881,5.5
809.7881,5.5
809.988,5.5
810.188,5.5
810.3881,5.5
810.5881,5.5
810.7881,5.5
810.988,5.5
811.188,5.5
811.3881,5.5
811.5881,5.5
811.7881,5.5
811.988,5.5
812.188,5.5
812.3881,5.5
812.5881,5.5
812.7881,5.5
812.988,5.5
813.188,5.5
813.3881,5.5
813.5881,5.5
813.7881,5.5
813.988,5.5
814.188,5.5
814.3881,5.5
814.5881,5.5
814.7881,5.5
814.988,5.5
815.188,5.5
815.3881,5.5
815.5881,5.5
815.7881,5.5
815.988,5.5
816.188,5.5
816.3881,5.5
816.5881,5.5
816.7881,5.5
816.988,5.5
817.188,5.5
817.3881,5.5
817.5881,5.5
817.7881,5.5
817.988,5.5
818.188,5.5
818.3881,5.5
818.5881,5.5
818.7881,5.5
818.988,5.5
819.188,5.5
819.3881,5.5
819.5881,5.5
819.7881,5.5
819.988,5.5
820.188,5.5
820.3881,5
820.5881,5
820.7881,5
820.988,5
821.188,5
821.3881,5
821.5881,5
821.7881,5
821.988,5
822.188,5
822.3881,5
822.5881,5
822.7881,5
822.988,5
823.188,5
823.3881,5
823.5881,5
823.7881,5
823.988,5
824.188,5
824.3881,5
824.5881,5
824.7881,5
824.988,5
825.188,5
825.3881,5
825.5881,5
825.7881,5
825.988,5
826.188,5
826.3881,5
826.5881,5
826.7881,5
826.988,5
827.188,5
827.3881,5
827.5881,5
827.7881,5
827.988,5
828.188,5
828.3881,5
828.5881,5
828.787,5
828.9871,5
829.1871,5
829.3871,5
829.587,5
829.787,5
829.988,5
830.188,5
830.3871,5
830.587,5.5
830.787,5.5
830.9871,5.5
831.1871,5.5
831.3871,5.5
831.587,5.5
831.7881,5.5
831.9871,5.5
832.1871,5.5
832.3871,5.5
832.587,5.5
832.787,5.5
832.9871,5.5
833.1871,5.5
833.3871,5.5
833.587,5.5
833.787,5.5
833.988,5.5
834.1871,5.5
834.3871,5.5
834.587,5.5
834.787,5.5
834.9871,5.5
835.1871,5.5
835.3871,5.5
835.587,5.5
835.787,5.5
835.9871,5.5
836.1871,5.5
836.3871,5.5
836.587,5.5
836.787,5.5
836.9871,5.5
837.1871,5.5
837.3881,5.5
837.587,5.5
837.787,5.5
837.9871,5.5
838.1871,5.5
838.3871,5.5
838.587,5.5
838.787,5.5
838.9871,5.5
839.1871,5.5
839.3871,5.5
839.587,5.5
839.787,5.5
839.9871,5.5
840.1871,5.5
840.3871,5.5
840.587,5.5
840.787,5.5
840.9871,5.5
841.1871,5.5
841.3871,5.5
841.587,5.5
841.787,5.5
841.9871,5.5
842.1871,5.5
842.3871,5.5
842.587,5.5
842.787,5.5
842.9871,5.5
843.1871,5.5
843.3871,5.5
843.587,5.5
843.787,5.5
843.9871,5.5
844.1871,5.5
844.3871,5.5
844.587,5.5
844.787,5.5
844.9871,5.5
845.1871,5.5
845.3871,5.5
845.587,5.5
845.787,5.5
845.9871,5.5
846.1871,5.5
846.3871,5.5
846.587,5.5
846.787,5.5
846.9871,5.5
847.1871,5.5
847.3871,5.5
847.587,5.5
847.787,5.5
847.9871,5.5
848.1871,5.5
848.3871,5.5
848.587,5.5
848.787,5.5
848.988,5.5
849.1871,5.5
849.3871,5.5
849.5881,5.5
849.787,5.5
849.9871,5.5
850.1871,5.5
850.3871,5.5
850.587,5.5
850.787,5.5
850.9871,5.5
851.1871,5.5
851.3871,5.5
851.587,5.5
851.787,5.5
851.988,5.5
852.1871,5.5
852.3871,5.5
852.587,5.5
852.787,5.5
852.9871,5.5
853.1871,5.5
853.3871,5.5
853.587,5.5
853.787,5.5
853.9871,5.5
854.1871,5.5
854.3871,5.5
854.587,5.5
854.787,5.5
854.9871,5.5
855.1871,5.5
855.3871,5.5
855.587,5.5
855.787,5.5
855.9871,5.5
856.1871,5.5
856.3871,5.5
856.587,5.5
856.787,5.5
856.9871,5.5
857.1871,5.5
857.3881,5.5
857.587,5.5
857.7881,5.5
857.988,5.5
858.188,5.5
858.3871,5.5
858.587,5.5
858.787,5.5
858.9871,5.5
859.1871,5.5
859.3871,5.5
859.587,5.5
859.787,5.5
859.9871,5.5
860.1871,5.5
860.3871,5.5
860.587,5.5
860.787,5.5
860.9871,5.5
861.188,5.5
861.3871,5.5
861.587,5.5
861.787,5.5
861.9871,5.5
862.1871,5.5
862.3871,5.5
862.587,5.5
862.787,5.5
862.9871,5.5
863.1871,5.5
863.3871,5.5
863.587,5.5
863.787,5.5
863.9871,5.5
864.1871,5.5
864.3871,5.5
864.587,5.5
864.787,5.5
864.9871,5.5
865.1871,5.5
865.3871,5.5
865.587,5.5
865.787,5.5
865.9871,5.5
866.1871,5.5
866.3871,5.5
866.587,5.5
866.787,5.5
866.9871,5.5
867.1871,5.5
867.3871,5.5
867.587,5.5
867.787,5.5
867.9871,5.5
868.1871,5.5
868.3871,5.5
868.587,5.5
868.787,5.5
868.988,5.5
869.1871,5.5
869.3871,5.5
869.587,5.5
869.787,5.5
869.988,5.5
870.188,5.5
870.3871,5.5
870.587,5.5
870.787,5.5
870.9871,5.5
871.188,5.5
871.3871,5.5
871.587,5.5
871.787,5.5
871.9871,5.5
872.1871,5.5
872.3871,5.5
872.587,5.5
872.787,5.5
872.9871,5.5
873.1871,5.5
873.3871,5.5
873.587,5.5
873.787,5.5
873.9871,5.5
874.188,5.5
874.3871,5.5
874.587,5.5
874.787,5.5
874.9871,5.5
875.188,5.5
875.3871,5.5
875.587,5.5
875.787,5.5
875.9871,5.5
876.1871,5.5
876.3871,5.5
876.587,5.5
876.787,5.5
876.9871,5.5
877.188,5.5
877.3871,5.5
877.587,5.5
877.787,5.5
877.9871,5.5
878.188,5.5
878.3871,5.5
878.587,5.5
878.787,5.5
878.9871,5.5
879.188,5.5
879.3881,5.5
879.587,5.5
879.787,5.5
879.9871,5.5
880.188,5.5
880.3871,5.5
880.587,5.5
880.787,5.5
880.9871,5.5
881.188,5.5
881.3871,5.5
881.587,5.5
881.787,5.5
881.9871,5.5
882.1871,5.5
882.3871,5.5
882.587,5.5
882.787,5.5
882.9871,5.5
883.188,5.5
883.3871,5.5
883.587,5.5
883.787,5.5
883.9871,5.5
884.188,5.5
884.3871,5.5
884.587,5.5
884.787,5.5
884.9871,5.5
885.188,5.5
885.3871,5.5
885.5881,5.5
885.7881,5.5
885.988,5.5
886.188,5.5
886.3881,5.5
886.5881,5.5
886.787,5.5
886.988,5.5
887.188,5.5
887.3881,5.5
887.5881,5.5
887.7881,5.5
887.988,5.5
888.188,5.5
888.3881,5.5
888.5881,5.5
888.7881,5.5
888.988,5.5
889.188,5.5
889.3871,5.5
889.587,5.5
889.787,5.5
889.9871,5.5
890.1871,5.5
890.3871,5.5
890.587,5.5
890.787,5.5
890.9871,5.5
891.1871,5.5
891.3871,5.5
891.587,5.5
891.787,5.5
891.9871,5.5
892.188,5.5
892.3881,5.5
892.587,5.5
892.787,5.5
892.9871,5.5
893.188,5.5
893.3871,5.5
893.587,5.5
893.787,5.5
893.9871,5.5
894.188,5.5
894.3871,5.5
894.587,5.5
894.787,5.5
894.9871,5.5
895.1871,5.5
895.3871,5.5
895.587,5.5
895.787,5.5
895.9871,5.5
896.1871,5.5
896.3871,5.5
896.587,5.5
896.787,5.5
896.9871,5.5
897.1871,5.5
897.3871,5.5
897.587,5.5
897.787,5.5
897.9871,5.5
898.1871,5.5
898.3871,5.5
898.587,5.5
898.787,5.5
898.9871,5.5
899.1871,5.5
899.3871,5.5
899.587,5.5
899.787,5.5
899.9871,5.5
900.1871,5.5
900.3871,5.5
900.587,5.5
900.787,5.5
900.9871,5.5
901.1871,5.5
901.3871,5.5
901.587,5.5
901.787,5.5
901.9871,5.5
902.1871,5.5
902.3871,5.5
902.587,5.5
902.787,5.5
902.9871,5.5
903.1871,5.5
903.3871,5.5
903.587,5.5
903.787,5.5
903.9871,5.5
904.1871,5.5
904.3871,5.5
904.587,5.5
904.787,5.5
904.9871,5.5
905.1871,5.5
905.3871,5.5
905.587,5.5
905.787,5.5
905.9871,5.5
906.1871,5.5
906.3871,5.5
906.587,5.5
906.787,5.5
906.9871,5.5
907.1871,5.5
907.3871,5.5
907.5861,5.5
907.787,5.5
907.9861,5.5
908.186,5.5
908.3871,5.5
908.587,5.5
908.7861,5.5
908.9871,5.5
909.1871,5.5
909.386,5.5
909.587,5.5
909.787,5.5
909.9871,5.5
910.186,5.5
910.386,5.5
910.5861,5.5
910.7861,5.5
910.9861,5.5
911.1871,5.5
911.3871,5.5
911.587,5.5
911.787,5.5
911.9861,5.5
912.1871,5.5
912.386,5.5
912.5861,5.5
912.7861,5.5
912.9861,5.5
913.1871,5.5
913.3871,5.5
913.5861,5.5
913.7861,5.5
913.9861,5.5
914.1871,5.5
914.386,5.5
914.5861,5.5
914.7861,5.5
914.9861,5.5
915.1871,5.5
915.386,5.5
915.587,5.5
915.7861,5.5
915.9861,5.5
916.1871,5.5
916.386,5.5
916.5861,5.5
916.7861,5.5
916.9861,5.5
917.186,5.5
917.386,5.5
917.5861,5.5
917.7861,5.5
917.9861,5.5
918.186,5.5
918.386,5.5
918.5861,5.5
918.7861,5.5
918.9871,5.5
919.1871,5.5
919.3871,5.5
919.5861,5.5
919.7861,5.5
919.9861,5.5
920.186,5.5
920.386,5.5
920.5861,5.5
920.7861,5.5
920.9861,5.5
921.186,5.5
921.386,5.5
921.5861,5.5
921.7861,5.5
921.9861,5.5
922.186,5.5
922.386,5.5
922.5861,5.5
922.7861,5.5
922.9861,5.5
923.186,5.5
923.386,5.5
923.5861,5.5
923.7861,5.5
923.9861,5.5
924.186,5.5
924.386,5.5
924.5861,5.5
924.7861,5.5
924.9861,5.5
925.186,5.5
925.386,5.5
925.5861,5.5
925.7861,5.5
925.9861,5.5
926.186,5.5
926.386,5.5
926.5861,5.5
926.7861,5.5
926.9861,5.5
927.186,5.5
927.386,5.5
927.5861,5.5
927.7861,5.5
927.9861,5.5
928.186,5.5
928.386,5.5
928.5861,5.5
928.7861,5.5
928.9861,5.5
929.186,5.5
929.386,5.5
929.5861,5.5
929.7861,5.5
929.9861,5.5
930.186,5.5
930.386,5.5
930.5861,5.5
930.7861,5.5
930.9861,5.5
931.186,5.5
931.386,5.5
931.5861,5.5
931.7861,5.5
931.9861,5.5
932.186,5.5
932.386,5.5
932.5861,5.5
932.7861,5.5
932.9861,5.5
933.186,5.5
933.386,5.5
933.5861,5.5
933.7861,5.5
933.9861,5.5
934.186,5.5
934.386,5.5
934.5861,5.5
934.7861,5.5
934.9861,5.5
935.186,5.5
935.386,5.5
935.5861,5.5
935.7861,5.5
935.9861,5.5
936.186,5.5
936.386,5.5
936.5861,5.5
936.7861,5.5
936.9861,5.5
937.186,5.5
937.386,5.5
937.5861,5.5
937.7861,5.5
937.9861,5.5
938.186,5.5
938.386,5.5
938.5861,5.5
938.7861,5.5
938.9861,5.5
939.186,5.5
939.386,5.5
939.5861,5.5
939.7861,5.5
939.9861,5.5
940.186,5.5
940.386,5.5
940.5861,5.5
940.7861,5.5
940.9861,5.5
941.186,5.5
941.386,5.5
941.5861,5.5
941.7861,5.5
941.9861,5.5
942.186,5.5
942.386,5.5
942.5861,5.5
942.7861,5.5
942.9861,5.5
943.186,5.5
943.386,5.5
943.5861,5.5
943.7861,5.5
943.9861,5.5
944.186,5.5
944.386,5.5
944.5861,5.5
944.7861,5.5
944.9861,5.5
945.186,5.5
945.386,5.5
945.5861,5.5
945.7861,5.5
945.9861,5.5
946.186,5.5
946.386,5.5
946.5861,5.5
946.7861,5.5
946.9861,5.5
947.186,5.5
947.386,5.5
947.5861,5.5
947.7861,5.5
947.9861,5.5
948.186,5.5
948.386,5.5
948.5861,5.5
948.7861,5.5
948.9861,5.5
949.186,5.5
949.386,5.5
949.5861,5.5
949.7861,5.5
949.9861,5.5
950.186,5.5
950.386,5.5
950.5861,5.5
950.7861,5.5
950.9861,5.5
951.186,5.5
951.386,5.5
951.5851,5.5
951.7861,5.5
951.9861,5.5
952.186,5.5
952.386,5.5
952.5861,5.5
952.7861,5.5
952.9861,5.5
953.186,5.5
953.3851,5.5
953.5861,5.5
953.7861,5.5
953.9861,5.5
954.186,5.5
954.386,5.5
954.5861,5.5
954.7861,5.5
954.9861,5.5
955.1851,5.5
955.3851,5.5
955.5861,5.5
955.7861,5.5
955.9861,5.5
956.1851,5.5
956.3851,5.5
956.5861,5.5
956.7861,5.5
956.9861,5.5
957.1851,5.5
957.386,5.5
957.5861,5.5
957.7861,5.5
957.9861,5.5
958.1851,5.5
958.3851,5.5
958.5851,5.5
958.785,5.5
958.985,5.5
959.1851,5.5
959.3851,5.5
959.5861,5.5
959.785,5.5
959.985,5.5
960.1851,5.5
960.3851,5.5
960.5851,5.5
960.785,5.5
960.985,5.5
961.1851,5.5
961.3851,5.5
961.5851,5.5
961.785,5.5
961.9861,5.5
962.1851,5.5
962.3851,5.5
962.5861,5.5
962.785,5.5
962.985,5.5
963.1851,5.5
963.3851,5.5
963.5851,5.5
963.785,5.5
963.985,5.5
964.1851,5.5
964.3851,5.5
964.5851,5.5
964.785,5.5
964.9861,5.5
965.186,5.5
965.386,5.5
965.5861,5.5
965.7861,5.5
965.985,5.5
966.1851,5.5
966.3851,5.5
966.5851,5.5
966.785,5.5
966.985,5.5
967.1851,5.5
967.3851,5.5
967.5851,5.5
967.785,5.5
967.985,5.5
968.1851,5.5
968.3851,5.5
968.5851,5.5
968.785,5.5
968.985,5.5
969.1851,5.5
969.3851,5.5
969.5851,5.5
969.785,5.5
969.985,5.5
970.1851,5.5
970.3851,5.5
970.5851,5.5
970.785,5.5
970.985,5.5
971.1851,5.5
971.3851,5.5
971.5851,5.5
971.785,5.5
971.985,5.5
972.1851,5.5
972.3851,5.5
972.5851,5.5
972.785,5.5
972.985,5.5
973.1851,5.5
973.3851,5.5
973.5851,5.5
973.785,5.5
973.985,5.5
974.1851,5.5
974.3851,5.5
974.5851,5.5
974.785,5.5
974.985,5.5
975.1851,5.5
975.3851,5.5
975.5851,5.5
975.785,5.5
975.985,5.5
976.1851,5.5
976.3851,5.5
976.5851,5.5
976.785,5.5
976.985,5.5
977.1851,5.5
977.3851,5.5
977.5851,5.5
977.785,5.5
977.985,5.5
978.1851,5.5
978.3851,5.5
978.5851,5.5
978.785,5.5
978.985,5.5
979.1851,5.5
979.3851,5.5
979.5851,5.5
979.785,5.5
979.985,5.5
980.1851,5.5
980.3851,5.5
980.5851,5.5
980.785,5.5
980.985,5.5
981.1851,5.5
981.3851,5.5
981.5851,5.5
981.785,5.5
981.985,5.5
982.1851,5.5
982.3851,5.5
982.5851,5.5
982.785,5.5
982.985,5.5
983.1851,5.5
983.3851,5.5
983.5851,5.5
983.785,5.5
983.985,5.5
984.1851,5.5
984.3851,5.5
984.5851,5.5
984.785,5.5
984.985,5.5
985.1851,5.5
985.3851,5.5
985.5851,5.5
985.785,5.5
985.985,5.5
986.1851,5.5
986.3851,5.5
986.5851,5.5
986.785,5.5
986.985,5.5
987.1851,5.5
987.3851,5.5
987.5851,5.5
987.785,5.5
987.985,5.5
988.1851,5.5
988.3851,5.5
988.5851,5.5
988.785,5.5
988.985,5.5
989.1851,5.5
989.3851,5.5
989.5851,5.5
989.785,5.5
989.985,5.5
990.1851,5.5
990.3851,5.5
990.5851,5.5
990.785,5.5
990.985,5.5
991.1851,5.5
991.3851,5.5
991.5851,5.5
991.785,5.5
991.985,5.5
992.1851,5.5
992.3851,5.5
992.5851,5.5
992.785,5.5
992.985,5.5
993.1851,5.5
993.3851,5.5
993.5851,5.5
993.785,5.5
993.985,5.5
994.1851,5.5
994.3851,5.5
994.5851,5
994.785,5
994.985,5
995.1851,5
995.3851,5
995.5851,5
995.785,5
995.985,5
996.1851,5
996.3851,5
996.5851,5
996.785,5
996.985,5
997.1851,5
997.3851,5
997.5851,5
997.785,5
997.985,5
998.1851,5
998.3851,5
998.5851,5
998.785,5
998.985,5
999.1851,5
999.3851,5
999.5851,5
999.785,5
999.985,5
1000.185,5
1000.385,5
1000.585,5
1000.785,5
1000.985,5
1001.185,5
1001.385,5
1001.585,5
1001.785,5
1001.985,5
1002.185,5
1002.385,5
1002.585,5
1002.785,5
1002.985,5
1003.185,5
1003.385,5
1003.585,5
1003.785,5
1003.985,5
1004.185,5
1004.385,5
1004.585,5
1004.785,5
1004.985,5
1005.185,5
1005.385,5
1005.585,5
1005.785,5
1005.985,5
1006.185,5
1006.385,5
1006.585,5
1006.785,5
1006.985,5
1007.185,5
1007.385,5
1007.585,5
1007.785,5
1007.985,5
1008.185,5
1008.385,5
1008.585,5
1008.785,5
1008.985,5
1009.185,5
1009.385,5
1009.584,5
1009.785,5
1009.985,5
1010.184,5
1010.384,5
1010.584,5
1010.785,5
1010.985,5
1011.185,5
1011.385,5
1011.585,5
1011.785,5
1011.985,5
1012.185,5
1012.384,5
1012.584,5
1012.785,5
1012.984,5
1013.184,5
1013.384,5
1013.584,5
1013.784,5
1013.984,5
1014.184,5
1014.384,5
1014.584,5
1014.784,5
1014.984,5
1015.184,5
1015.384,5
1015.584,5
1015.784,5
1015.984,5
1016.184,5
1016.384,5
1016.584,5
1016.784,5
1016.984,5
1017.184,5
1017.384,5
1017.584,5
1017.784,5
1017.984,5
1018.184,5
1018.384,5
1018.584,5
1018.784,5
1018.984,5
1019.184,5
1019.384,5
1019.584,5
1019.784,5
1019.984,5
1020.184,5
1020.384,5
1020.584,5
1020.784,5
1020.984,5
1021.184,5
1021.384,5
1021.584,5
1021.784,5
1021.984,5
1022.184,5
1022.384,5
1022.584,5
1022.784,5
1022.985,5
1023.184,5
1023.384,5
1023.584,5
1023.784,5
1023.984,5
1024.184,5
1024.384,5
1024.584,5
1024.784,5
1024.984,5
1025.184,5
1025.384,5
1025.584,5
1025.784,5
1025.984,5
1026.184,5
1026.384,5
1026.584,5
1026.784,5
1026.984,5
1027.184,5
1027.384,5
1027.584,5
1027.784,5
1027.984,5
1028.184,5
1028.384,5
1028.584,5
1028.784,5
1028.984,5
1029.184,5
1029.384,5
1029.584,5
1029.784,5
1029.984,5
1030.185,5
1030.385,5
1030.584,5
1030.784,5
1030.984,5
1031.184,5
1031.384,5
1031.585,5
1031.785,5
1031.985,5
1032.185,5
1032.384,5
1032.584,5
1032.784,5
1032.984,5
1033.184,5
1033.384,5
1033.584,5
1033.784,5
1033.984,5
1034.184,5
1034.384,5
1034.584,5
1034.784,5
1034.984,5
1035.184,5
1035.384,5
1035.584,5
1035.784,5
1035.984,5
1036.184,5
1036.384,5
1036.584,5
1036.784,5
1036.984,5
1037.184,5
1037.384,5
1037.584,5
1037.784,5
1037.984,5
1038.184,5
1038.385,5
1038.584,5
1038.784,5
1038.984,5
1039.184,5
1039.385,5
1039.584,5
1039.784,5
1039.984,5
1040.184,5
1040.384,5
1040.584,5
1040.784,5
1040.985,5
1041.184,5
1041.385,5
1041.584,5
1041.784,5
1041.984,5
1042.184,5
1042.384,5
1042.584,5
1042.784,5
1042.984,5
1043.184,5
1043.384,5
1043.584,5
1043.784,5
1043.984,5
1044.184,5
1044.384,5
1044.584,5
1044.784,5
1044.984,5
1045.184,5
1045.384,5
1045.584,5
1045.784,5
1045.984,5
1046.184,5
1046.384,5
1046.584,5
1046.784,5
1046.984,5
1047.184,5
1047.384,5
1047.584,5
1047.784,5
1047.984,4.5
1048.184,4.5
1048.384,4.5
1048.584,4.5
1048.784,4.5
1048.984,4.5
1049.184,4.5
1049.384,4.5
1049.584,4.5
1049.784,4.5
1049.984,4.5
1050.184,4.5
1050.384,4.5
1050.584,4.5
1050.784,4.5
1050.984,4.5
1051.184,4.5
1051.384,4.5
1051.584,4.5
1051.784,4.5
1051.984,4.5
1052.184,4.5
1052.384,4.5
1052.584,4.5
1052.784,4.5
1052.984,4.5
1053.184,4.5
1053.384,4.5
1053.584,4.5
1053.784,4.5
1053.984,4.5
1054.184,4.5
1054.384,4.5
1054.584,4.5
1054.784,4.5
1054.984,4.5
1055.184,4.5
1055.384,4.5
1055.584,4.5
1055.784,4.5
1055.984,4.5
1056.184,4.5
1056.384,4.5
1056.584,4.5
1056.784,4.5
1056.984,4.5
1057.184,4.5
1057.384,4.5
1057.584,4.5
1057.784,4.5
1057.984,4.5
1058.184,4.5
1058.384,4.5
1058.584,4.5
1058.784,4.5
1058.984,4.5
1059.184,4.5
1059.384,4.5
1059.584,4.5
1059.784,4.5
1059.984,4.5
1060.184,4.5
1060.384,4.5
1060.584,4.5
1060.784,4.5
1060.984,4.5
1061.184,4.5
1061.384,4.5
1061.584,4.5
1061.784,4.5
1061.984,4.5
1062.184,4.5
1062.384,4.5
1062.584,4.5
1062.784,4.5
1062.984,4.5
1063.184,4.5
1063.384,4.5
1063.584,4.5
1063.784,4.5
1063.984,4.5
1064.184,4.5
1064.384,4.5
1064.584,4.5
1064.784,4.5
1064.984,4.5
1065.184,4.5
1065.384,4.5
1065.584,4.5
1065.784,4.5
1065.984,4.5
1066.184,4.5
1066.384,4.5
1066.584,4.5
1066.784,4.5
1066.984,4.5
1067.184,4.5
1067.384,4.5
1067.584,4.5
1067.784,4.5
1067.984,4.5
1068.184,4.5
1068.384,4.5
1068.584,4.5
1068.784,4.5
1068.984,4.5
1069.184,4.5
1069.384,4.5
1069.584,4.5
1069.784,4.5
1069.984,4.5
1070.184,4.5
1070.384,4.5
1070.584,4.5
1070.783,4.5
1070.984,4.5
1071.183,4.5
1071.383,4.5
1071.583,4.5
1071.783,4.5
1071.984,4.5
1072.184,4.5
1072.383,4.5
1072.583,4.5
1072.783,4.5
1072.983,4.5
1073.183,4.5
1073.383,4.5
1073.584,4.5
1073.783,4.5
1073.984,4.5
1074.184,4.5
1074.384,4.5
1074.583,4.5
1074.783,4.5
1074.983,4.5
1075.183,4.5
1075.383,4.5
1075.583,4.5
1075.783,4.5
1075.983,4.5
1076.183,4.5
1076.383,4.5
1076.583,4.5
1076.783,4.5
1076.983,4.5
1077.183,4.5
1077.383,4.5
1077.583,4.5
1077.783,4.5
1077.983,4.5
1078.183,4.5
1078.383,4.5
1078.583,4.5
1078.783,4.5
1078.983,4.5
1079.183,4.5
1079.383,4.5
1079.583,4.5
1079.783,4.5
1079.983,4.5
1080.183,4.5
1080.383,4.5
1080.583,4.5
1080.783,4.5
1080.983,4.5
1081.183,4.5
1081.383,4.5
1081.583,4.5
1081.783,4.5
1081.983,4.5
1082.183,4.5
1082.383,4.5
1082.583,4.5
1082.783,4.5
1082.983,4.5
1083.183,4.5
1083.383,4.5
1083.583,4.5
1083.783,4.5
1083.983,4.5
1084.183,4.5
1084.383,4.5
1084.583,4.5
1084.783,4.5
1084.983,4.5
1085.183,4.5
1085.383,4.5
1085.583,4.5
1085.783,4.5
1085.983,4.5
1086.183,4.5
1086.383,4.5
1086.583,4.5
1086.783,4.5
1086.983,4.5
1087.183,4.5
1087.383,4.5
1087.583,4.5
1087.783,4.5
1087.983,4.5
1088.183,4.5
1088.383,4.5
1088.583,4.5
1088.783,4.5
1088.983,4.5
1089.183,4.5
1089.383,4.5
1089.583,4.5
1089.783,4.5
1089.983,4.5
1090.183,4.5
1090.383,4.5
1090.583,4.5
1090.783,4.5
1090.983,4.5
1091.183,4.5
1091.383,4.5
1091.583,4.5
1091.783,4.5
1091.983,4.5
1092.183,4.5
1092.383,4.5
1092.583,4.5
1092.783,4.5
1092.983,4.5
1093.183,4.5
1093.383,4.5
1093.583,4.5
1093.783,4.5
1093.983,4.5
1094.183,4.5
1094.383,4.5
1094.583,4.5
1094.783,4.5
1094.983,4.5
1095.183,4.5
1095.383,4.5
1095.583,4.5
1095.783,4.5
1095.983,4.5
1096.183,4.5
1096.383,4.5
1096.583,4.5
1096.783,4.5
1096.983,4.5
1097.183,4.5
1097.383,4.5
1097.583,4.5
1097.783,4.5
1097.983,4.5
1098.183,4.5
1098.383,4.5
1098.583,4.5
1098.783,4.5
1098.983,4.5
1099.183,4.5
1099.383,4.5
1099.583,4.5
1099.783,4.5
1099.983,4.5
1100.183,4.5
1100.383,4.5
1100.583,4.5
1100.783,4.5
1100.983,4.5
1101.183,4.5
1101.383,4.5
1101.583,4.5
1101.783,4.5
1101.983,4.5
1102.183,4.5
1102.383,4.5
1102.583,4.5
1102.783,4.5
1102.983,4.5
1103.183,4.5
1103.383,4.5
1103.583,4.5
1103.783,4.5
1103.983,4.5
1104.183,4.5
1104.383,4.5
1104.583,4.5
1104.783,4.5
1104.983,4.5
1105.183,4.5
1105.383,4.5
1105.583,4.5
1105.783,4.5
1105.983,4.5
1106.183,4.5
1106.383,4.5
1106.583,4.5
1106.783,4.5
1106.983,4.5
1107.183,4.5
1107.383,4.5
1107.583,4.5
1107.783,4.5
1107.983,4.5
1108.183,4.5
1108.383,4.5
1108.583,4.5
1108.783,4.5
1108.983,4.5
1109.183,4.5
1109.383,4.5
1109.583,4.5
1109.783,4.5
1109.983,4.5
1110.183,4.5
1110.383,4.5
1110.583,4.5
1110.783,4.5
1110.983,4.5
1111.183,4.5
1111.383,4.5
1111.583,4.5
1111.783,4.5
1111.983,4.5
1112.183,4.5
1112.383,4.5
1112.583,4.5
1112.783,4.5
1112.983,4.5
1113.183,4.5
1113.383,4.5
1113.583,4.5
1113.783,4.5
1113.983,4.5
1114.183,4.5
1114.383,4.5
1114.583,4.5
1114.783,4.5
1114.983,4.5
1115.183,4.5
1115.383,4.5
1115.583,4.5
1115.783,4.5
1115.983,4.5
1116.183,4.5
1116.383,4.5
1116.583,4.5
1116.783,4.5
1116.983,4.5
1117.183,4.5
1117.383,4.5
1117.583,4.5
1117.783,4.5
1117.983,4.5
1118.183,4.5
1118.383,4.5
1118.583,4.5
1118.783,4.5
1118.983,4.5
1119.183,4.5
1119.383,4.5
1119.583,4.5
1119.783,4.5
1119.983,4.5
1120.183,4.5
1120.383,4.5
1120.583,4.5
1120.783,4.5
1120.983,4.5
1121.183,4.5
1121.383,4.5
1121.583,4.5
1121.783,4.5
1121.983,4.5
1122.183,4.5
1122.383,4.5
1122.583,4.5
1122.783,4.5
1122.983,4.5
1123.183,4.5
1123.383,4.5
1123.583,4.5
1123.783,4.5
1123.983,4.5
1124.183,4.5
1124.383,4.5
1124.583,4.5
1124.783,4.5
1124.983,4.5
1125.183,4.5
1125.383,4.5
1125.583,4.5
1125.783,4.5
1125.983,4.5
1126.183,4.5
1126.383,4.5
1126.583,4.5
1126.783,4.5
1126.983,4.5
1127.183,4.5
1127.383,4.5
1127.583,4.5
1127.783,4.5
1127.983,4.5
1128.183,4.5
1128.383,4.5
1128.583,4.5
1128.783,4.5
1128.983,4.5
1129.183,4.5
1129.383,4.5
1129.583,4.5
1129.783,4.5
1129.983,4.5
1130.183,4.5
1130.383,4.5
1130.583,4.5
1130.783,4.5
1130.983,4.5
1131.182,4.5
1131.383,4.5
1131.582,4.5
1131.782,4.5
1131.982,4.5
1132.183,4.5
1132.383,4.5
1132.582,4.5
1132.782,4.5
1132.983,4.5
1133.182,4.5
1133.382,4.5
1133.582,4.5
1133.782,4.5
1133.982,4.5
1134.182,4.5
1134.382,4.5
1134.582,4.5
1134.782,4
1134.982,4
1135.182,4
1135.382,4
1135.582,4
1135.782,4
1135.982,4
1136.182,4
1136.382,4
1136.582,4
1136.782,4
1136.982,4
1137.182,4
1137.382,4
1137.582,4
1137.782,4
1137.982,4
1138.182,4
1138.382,4
1138.582,4
1138.782,4
1138.982,4
1139.182,4
1139.382,4
1139.582,4
1139.782,4
1139.982,4
1140.182,4
1140.382,4
1140.582,4
1140.782,4
1140.982,4
1141.182,4
1141.382,4
1141.582,4
1141.782,4
1141.982,4
1142.182,4
1142.382,4
1142.582,4
1142.782,4
1142.982,4
1143.182,4
1143.382,4
1143.582,4
1143.782,4
1143.982,4
1144.182,4
1144.382,4
1144.582,4
1144.782,4
1144.982,4
1145.182,4
1145.382,4
1145.582,4
1145.782,4
1145.982,4
1146.182,4
1146.382,4
1146.582,4
1146.782,4
1146.982,4
1147.182,4
1147.382,4
1147.582,4
1147.782,4
1147.982,4
1148.182,4
1148.382,4
1148.582,4
1148.782,4
1148.982,4
1149.182,4
1149.382,4
1149.582,4
1149.782,4
1149.982,4
1150.182,4
1150.382,4
1150.582,4
1150.782,4
1150.982,4
1151.182,4
1151.382,4
1151.582,4
1151.782,4
1151.982,4
1152.182,4
1152.382,4
1152.582,4
1152.782,4
1152.982,4
1153.182,4
1153.382,4
1153.582,4
1153.782,4
1153.982,4
1154.182,4
1154.382,4
1154.582,4
1154.782,4
1154.982,4
1155.182,4
1155.382,4
1155.582,4
1155.782,4
1155.982,4
1156.182,4
1156.382,4
1156.582,4
1156.782,4
1156.982,4
1157.182,4
1157.382,4
1157.582,4
1157.782,4
1157.982,4
1158.182,4
1158.382,4
1158.582,4
1158.782,4
1158.982,4
1159.182,4
1159.382,4
1159.582,4
1159.782,4
1159.982,4
1160.182,4
1160.382,4
1160.582,4
1160.782,4
1160.982,4
1161.182,4
1161.382,4
1161.582,4
1161.782,4
1161.982,4
1162.182,4
1162.382,4
1162.582,4
1162.782,4
1162.982,4
1163.182,4
1163.382,4
1163.582,4
1163.782,4
1163.982,4
1164.182,4
1164.382,4
1164.582,4
1164.782,4
1164.982,4
1165.182,4
1165.382,4
1165.582,4
1165.782,4
1165.982,4
1166.182,4
1166.382,4
1166.582,4
1166.782,4
1166.982,4
1167.182,4
1167.382,4
1167.582,4
1167.782,4
1167.982,4
1168.182,4
1168.382,4
1168.582,4
1168.782,4
1168.982,4
1169.182,4
1169.382,4
1169.582,4
1169.782,4
1169.982,4
1170.182,4
1170.382,4
1170.582,4
1170.782,4
1170.982,4
1171.182,4
1171.382,4
1171.582,4
1171.782,4
1171.982,4
1172.182,4
1172.382,4
1172.582,4
1172.782,4
1172.982,4
1173.182,4
1173.382,4
1173.582,4
1173.782,4
1173.982,4
1174.182,4
1174.382,4
1174.582,4
1174.782,4
1174.982,4
1175.182,4
1175.382,4
1175.582,4
1175.782,4
1175.982,4
1176.182,4
1176.382,4
1176.582,4
1176.782,4
1176.982,4
1177.182,4
1177.382,4
1177.582,4
1177.782,4
1177.982,4
1178.182,4
1178.382,4
1178.582,4
1178.782,4
1178.982,4
1179.182,4
1179.382,4
1179.582,4
1179.782,4
1179.982,4
1180.182,4
1180.382,4
1180.582,4
1180.782,4
1180.982,4
1181.182,4
1181.382,4
1181.582,4
1181.782,4
1181.982,4
1182.182,4
1182.382,4
1182.582,4
1182.782,4
1182.982,4
1183.182,4
1183.382,4
1183.582,4
1183.782,4
1183.982,4
1184.182,4
1184.382,4
1184.582,4
1184.782,4
1184.982,4
1185.182,4
1185.382,4
1185.582,4
1185.782,4
1185.982,4
1186.182,4
1186.382,4
1186.582,4
1186.782,4
1186.982,4
1187.182,4
1187.382,4
1187.582,4
1187.782,4
1187.982,4
1188.182,4
1188.382,4
1188.582,4
1188.782,4
1188.982,4
1189.182,4
1189.382,4
1189.582,4
1189.782,4
1189.982,4
1190.182,4
1190.382,4
1190.582,4
1190.782,4
1190.982,4
1191.182,4
1191.382,4
1191.582,4
1191.782,4
1191.982,4
1192.182,4
1192.382,4
1192.582,4
1192.782,4
1192.982,4
1193.182,4
1193.382,4
1193.582,4
1193.782,4
1193.982,4
1194.182,4
1194.382,4
1194.582,4
1194.782,4
1194.981,4
1195.182,4
1195.382,4
1195.581,4
1195.782,4
1195.981,4
1196.181,4
1196.381,4
1196.581,4
1196.781,4
1196.981,4
1197.181,4
1197.381,4
1197.581,4
1197.781,4
1197.981,4
1198.181,4
1198.381,4
1198.581,4
1198.781,4
1198.981,4
1199.181,4
1199.381,4
1199.581,4
1199.781,4
1199.981,4
1200.181,4
1200.381,4
1200.581,4
1200.781,4
1200.981,4
1201.181,4
1201.381,4
1201.581,4
1201.781,4
1201.981,4
1202.181,4
1202.381,4
1202.581,4
1202.781,4
1202.981,4
1203.181,4
1203.381,4
1203.581,4
1203.781,4
1203.981,4
1204.181,4
1204.381,4
1204.581,4
1204.781,4
1204.981,4
1205.181,4
1205.381,4
1205.581,4
1205.781,4
1205.981,4
1206.181,4
1206.381,4
1206.581,4
1206.781,4
1206.981,4
1207.181,4
1207.381,4
1207.581,4
1207.781,4
1207.981,4
1208.181,4
1208.381,4
1208.581,4
1208.781,4
1208.981,4
1209.181,4
1209.381,4
1209.581,4
1209.781,4
1209.981,4
1210.181,4
1210.381,4
1210.581,4
1210.781,4
1210.981,4
1211.181,4
1211.381,4
1211.581,4
1211.781,4
1211.981,4
1212.181,4
1212.381,4
1212.581,4
1212.781,4
1212.981,4
1213.181,4
1213.381,4
1213.581,4
1213.781,4
1213.981,4
1214.181,4
1214.381,4
1214.581,4
1214.781,4
1214.981,4
1215.181,4
1215.381,4
1215.581,4
1215.781,4
1215.981,4
1216.181,4
1216.381,4
1216.581,4
1216.781,4
1216.981,4
1217.181,4
1217.381,4
1217.581,4
1217.781,4
1217.981,4
1218.181,4
1218.381,4
1218.581,4
1218.781,4
1218.981,4
1219.181,4
1219.381,4
1219.581,4
1219.781,4
1219.981,4
1220.181,4
1220.381,4
1220.581,4
1220.781,4
1220.981,4
1221.181,4
1221.381,4
1221.581,4
1221.781,4
1221.981,4
1222.181,4
1222.381,4
1222.581,4
1222.781,4
1222.981,4
1223.181,4
1223.381,4
1223.581,4
1223.781,4.5
1223.981,4.5
1224.181,4.5
1224.381,4.5
1224.581,4.5
1224.781,4.5
1224.981,4.5
1225.181,4.5
1225.381,4.5
1225.581,4.5
1225.781,4.5
1225.981,4.5
1226.181,4.5
1226.381,4.5
1226.581,4.5
1226.781,4.5
1226.981,4.5
1227.181,4.5
1227.381,4.5
1227.581,4.5
1227.781,4.5
1227.981,4.5
1228.181,4.5
1228.381,4.5
1228.581,4.5
1228.781,4.5
1228.981,4.5
1229.181,4.5
1229.381,4.5
1229.581,4.5
1229.781,4.5
1229.981,4.5
1230.181,4.5
1230.381,4.5
1230.581,4.5
1230.781,4.5
1230.981,4.5
1231.181,4.5
1231.381,4.5
1231.581,4.5
1231.781,4.5
1231.981,4.5
1232.181,4.5
1232.381,4.5
1232.581,4.5
1232.781,4.5
1232.981,4.5
1233.181,4.5
1233.381,4.5
1233.581,4.5
1233.781,4.5
1233.981,4.5
1234.181,4.5
1234.381,4.5
1234.581,4.5
1234.781,4.5
1234.981,4.5
1235.181,4.5
1235.381,4.5
1235.581,4.5
1235.781,4.5
1235.981,4.5
1236.181,4.5
1236.381,4.5
1236.581,4.5
1236.781,4.5
1236.981,4.5
1237.181,4.5
1237.381,4.5
1237.581,4.5
1237.781,4.5
1237.981,4.5
1238.181,4.5
1238.381,4.5
1238.581,4.5
1238.781,4.5
1238.981,4.5
1239.181,4.5
1239.381,4.5
1239.581,4.5
1239.781,4.5
1239.981,4.5
1240.181,4.5
1240.381,4.5
1240.581,4.5
1240.781,4.5
1240.981,4.5
1241.181,4.5
1241.381,4.5
1241.581,4.5
1241.781,4.5
1241.981,4.5
1242.181,4.5
1242.381,4.5
1242.581,4.5
1242.781,4.5
1242.981,4.5
1243.181,4.5
1243.381,4.5
1243.581,4.5
1243.781,4.5
1243.981,4.5
1244.181,4.5
1244.381,4.5
1244.581,4.5
1244.781,4.5
1244.981,4.5
1245.181,4.5
1245.381,4.5
1245.581,4.5
1245.781,4.5
1245.981,4.5
1246.181,4.5
1246.381,4.5
1246.581,4.5
1246.781,4.5
1246.981,4.5
1247.181,4.5
1247.381,4.5
1247.581,4.5
1247.781,4.5
1247.981,4.5
1248.181,4.5
1248.381,4.5
1248.581,4.5
1248.781,4.5
1248.981,4.5
1249.181,4.5
1249.381,4.5
1249.581,4.5
1249.781,4.5
1249.981,4.5
1250.181,4.5
1250.381,4.5
1250.581,4.5
1250.781,4.5
1250.981,4.5
1251.181,4.5
1251.381,4.5
1251.58,4.5
1251.781,4.5
1251.981,4.5
1252.181,4.5
1252.381,4.5
1252.581,4.5
1252.781,4.5
1252.981,4.5
1253.181,4.5
1253.38,4.5
1253.58,4.5
1253.78,4.5
1253.98,4.5
1254.18,4.5
1254.38,4.5
1254.58,5
1254.78,5
1254.981,5
1255.181,5
1255.38,5
1255.581,5
1255.781,5
1255.98,5
1256.18,5
1256.381,5
1256.58,5
1256.78,5
1256.98,5
1257.18,5
1257.38,5
1257.58,5
1257.78,5
1257.98,5
1258.18,5
1258.38,5
1258.58,5
1258.78,5
1258.98,5
1259.18,5
1259.38,5
1259.58,5
1259.78,5
1259.98,5
1260.18,5
1260.38,5
1260.58,5
1260.78,5
1260.98,5
1261.18,5
1261.38,5
1261.58,5
1261.78,5
1261.98,5
1262.18,5
1262.38,5
1262.58,5
1262.78,5
1262.98,5
1263.18,5
1263.38,5
1263.58,5
1263.78,5
1263.98,5
1264.18,5
1264.38,5
1264.58,5
1264.78,5
1264.98,5
1265.18,5
1265.38,5
1265.58,5
1265.78,5
1265.98,5
1266.18,5
1266.38,5
1266.58,5
1266.78,5
1266.98,5
1267.18,5
1267.38,5
1267.58,5
1267.781,5
1267.98,5
1268.18,5
1268.38,5
1268.58,5
1268.78,5
1268.98,5
1269.18,5
1269.38,5
1269.58,5
1269.78,5
1269.98,5
1270.18,5
1270.38,5
1270.58,5
1270.78,5
1270.98,5
1271.18,5
1271.38,5
1271.58,5
1271.78,5
1271.98,5
1272.18,5
1272.38,5
1272.58,5
1272.78,5
1272.98,5
1273.18,5
1273.38,5
1273.58,5
1273.78,5
1273.98,5
1274.18,5
1274.38,5
1274.58,5
1274.78,5
1274.98,5
1275.18,5
1275.38,5
1275.58,5
1275.78,5
1275.98,5
1276.18,5
1276.38,5
1276.58,5
1276.78,5
1276.98,5
1277.18,5
1277.38,5
1277.58,5
1277.78,5
1277.98,5
1278.18,5
1278.38,5
1278.58,5
1278.78,5
1278.98,5
1279.18,5
1279.38,5
1279.58,5
1279.78,5
1279.98,5
1280.18,5
1280.38,5
1280.58,5
1280.78,5
1280.98,5
1281.18,5
1281.38,5
1281.58,5
1281.78,5
1281.98,5
1282.18,5
1282.38,5
1282.58,5
1282.78,5
1282.98,5
1283.18,5
1283.38,5
1283.58,5
1283.78,5
1283.98,5
1284.18,5
1284.38,5
1284.58,5
1284.78,5
1284.98,5
1285.18,5
1285.38,5
1285.58,5
1285.78,5
1285.98,5
1286.18,5
1286.38,5
1286.58,5
1286.78,5
1286.98,5
1287.18,5
1287.38,5
1287.58,5
1287.78,5
1287.98,5
1288.18,5
1288.38,5
1288.58,5
1288.78,5
1288.98,5
1289.18,5
1289.38,5
1289.58,5
1289.78,5
1289.98,5
1290.18,5
1290.38,5
1290.58,5
1290.78,5
1290.98,5
1291.18,5
1291.38,5.5
1291.58,5.5
1291.78,5.5
1291.98,5.5
1292.18,5.5
1292.38,5.5
1292.58,5.5
1292.78,5.5
1292.98,5.5
1293.18,5.5
1293.38,5.5
1293.58,5.5
1293.78,5.5
1293.98,5.5
1294.18,5.5
1294.38,5.5
1294.58,5.5
1294.78,5.5
1294.98,5.5
1295.18,5.5
1295.38,5.5
1295.58,5.5
1295.78,5.5
1295.98,5.5
1296.18,5.5
1296.38,5.5
1296.58,5.5
1296.78,5.5
1296.98,5.5
1297.18,5.5
1297.38,5.5
1297.58,5.5
1297.78,5.5
1297.98,5.5
1298.18,5.5
1298.38,5.5
1298.58,5.5
1298.78,5.5
1298.98,5.5
1299.18,5.5
1299.38,5.5
1299.58,5.5
1299.78,5.5
1299.98,5.5
1300.18,5.5
1300.38,5.5
1300.58,5.5
1300.78,5.5
1300.98,5.5
1301.18,5.5
1301.38,5.5
1301.58,5.5
1301.78,5.5
1301.98,5.5
1302.18,5.5
1302.38,5.5
1302.58,5.5
1302.78,5.5
1302.98,5.5
1303.18,5.5
1303.38,5.5
1303.58,5.5
1303.78,5.5
1303.98,5.5
1304.18,5.5
1304.38,5.5
1304.58,5.5
1304.78,5.5
1304.98,5.5
1305.18,5.5
1305.38,5.5
1305.58,5.5
1305.78,5.5
1305.98,5.5
1306.18,5.5
1306.38,5.5
1306.58,5.5
1306.78,5.5
1306.98,5.5
1307.18,5.5
1307.38,5.5
1307.58,5.5
1307.78,5.5
1307.98,5.5
1308.18,5.5
1308.38,5.5
1308.58,5.5
1308.78,5.5
1308.98,5.5
1309.18,5.5
1309.38,5.5
1309.58,5.5
1309.78,5.5
1309.98,5.5
1310.18,5.5
1310.38,5.5
1310.58,5.5
1310.78,5.5
1310.98,5.5
1311.18,5.5
1311.38,5.5
1311.58,5.5
1311.78,5.5
1311.979,5.5
1312.18,5.5
1312.38,5.5
1312.579,5.5
1312.78,5.5
1312.98,5.5
1313.18,5.5
1313.38,5.5
1313.58,5.5
1313.78,5.5
1313.98,5.5
1314.18,5.5
1314.38,5.5
1314.58,5.5
1314.78,5.5
1314.98,5.5
1315.18,5.5
1315.38,5.5
1315.58,5.5
1315.78,5.5
1315.98,5.5
1316.18,5.5
1316.38,5.5
1316.58,5.5
1316.78,5.5
1316.98,5.5
1317.18,5.5
1317.38,5.5
1317.58,5.5
1317.78,5.5
1317.98,5.5
1318.18,5.5
1318.38,5.5
1318.58,5.5
1318.78,5.5
1318.98,5.5
1319.18,5.5
1319.38,5.5
1319.58,5.5
1319.78,5.5
1319.98,5.5
1320.18,5.5
1320.38,5.5
1320.58,5.5
1320.78,5.5
1320.979,5.5
1321.179,5.5
1321.379,5.5
1321.579,5.5
1321.78,5.5
1321.979,5.5
1322.179,5.5
1322.379,5.5
1322.579,5.5
1322.779,5.5
1322.979,5.5
1323.179,5.5
1323.379,5.5
1323.579,5.5
1323.78,5.5
1323.979,5.5
1324.18,5.5
1324.379,5.5
1324.579,5.5
1324.779,5.5
1324.979,5.5
1325.179,5.5
1325.379,5.5
1325.579,5.5
1325.779,5.5
1325.979,5.5
1326.179,5.5
1326.379,5.5
1326.579,5.5
1326.779,5.5
1326.979,5.5
1327.179,5.5
1327.379,5.5
1327.579,5.5
1327.779,5.5
1327.979,5.5
1328.179,5.5
1328.379,5.5
1328.579,5.5
1328.779,5.5
1328.979,5.5
1329.179,5.5
1329.379,5.5
1329.579,5.5
1329.779,5.5
1329.979,5.5
1330.179,5.5
1330.379,5.5
1330.579,5.5
1330.779,5.5
1330.979,5.5
1331.179,5.5
1331.379,5.5
1331.579,5.5
1331.779,5.5
1331.979,5.5
1332.179,5.5
1332.379,5.5
1332.579,5.5
1332.779,5.5
1332.979,5.5
1333.179,5.5
1333.379,5.5
1333.579,5.5
1333.779,5.5
1333.979,5.5
1334.179,5.5
1334.379,5.5
1334.579,5.5
1334.779,5.5
1334.979,5.5
1335.179,5.5
1335.379,5.5
1335.579,5.5
1335.779,5.5
1335.979,5.5
1336.179,5.5
1336.379,5.5
1336.579,5.5
1336.779,5.5
1336.979,5.5
1337.179,5.5
1337.379,5.5
1337.579,5.5
1337.78,5.5
1337.979,5.5
1338.179,5.5
1338.379,5.5
1338.579,5.5
1338.779,5.5
1338.979,5.5
1339.179,5.5
1339.379,5.5
1339.579,5.5
1339.779,5.5
1339.979,5.5
1340.179,5.5
1340.379,5.5
1340.579,5.5
1340.779,5.5
1340.979,5.5
1341.179,5.5
1341.379,5.5
1341.579,5.5
1341.779,5.5
1341.979,5.5
1342.179,5.5
1342.379,5.5
1342.579,5.5
1342.779,5.5
1342.979,5.5
1343.179,5.5
1343.379,5.5
1343.579,5.5
1343.779,5.5
1343.979,5.5
1344.179,5.5
1344.379,5.5
1344.579,5.5
1344.779,5.5
1344.979,5.5
1345.179,5.5
1345.379,5.5
1345.579,5.5
1345.779,5.5
1345.979,5.5
1346.179,5.5
1346.379,5.5
1346.579,5.5
1346.779,5.5
1346.979,5.5
1347.179,5.5
1347.379,5.5
1347.579,5.5
1347.779,5.5
1347.979,5.5
1348.179,5.5
1348.379,5.5
1348.579,5.5
1348.779,5.5
1348.979,5.5
1349.179,5.5
1349.379,5.5
1349.579,5.5
1349.779,5.5
1349.979,5.5
1350.179,5.5
1350.379,5.5
1350.579,5.5
1350.779,5.5
1350.979,5.5
1351.179,5.5
1351.379,5.5
1351.579,5.5
1351.779,5.5
1351.979,5.5
1352.179,5.5
1352.379,5.5
1352.579,5.5
1352.779,5.5
1352.979,5.5
1353.179,5.5
1353.379,5.5
1353.579,5.5
1353.779,5.5
1353.979,5.5
1354.179,5.5
1354.379,5.5
1354.579,5.5
1354.779,5.5
1354.979,5.5
1355.179,5.5
1355.379,5.5
1355.579,5.5
1355.779,5.5
1355.979,5.5
1356.179,5.5
1356.379,5.5
1356.579,5.5
1356.779,5.5
1356.979,5.5
1357.179,5.5
1357.379,5.5
1357.579,5.5
1357.779,5.5
1357.979,5.5
1358.179,5.5
1358.379,5.5
1358.579,5.5
1358.779,5.5
1358.979,5.5
1359.179,6
1359.379,6
1359.579,6
1359.779,6
1359.979,6
1360.179,6
1360.379,6
1360.579,6
1360.779,6
1360.979,6
1361.179,6
1361.379,6
1361.579,6
1361.779,6
1361.979,6
1362.179,6
1362.379,6
1362.579,6
1362.779,6
1362.979,6
1363.179,6
1363.379,6
1363.579,6
1363.779,6
1363.979,6
1364.179,6
1364.379,6
1364.579,6
1364.779,6
1364.979,6
1365.179,6
1365.379,6
1365.579,6
1365.779,6
1365.979,6
1366.179,6
1366.379,6
1366.579,6
1366.779,6
1366.979,6
1367.179,6
1367.379,6
1367.579,6
1367.779,6
1367.979,6
1368.179,6
1368.379,6
1368.579,6
1368.779,6
1368.979,6
1369.179,6
1369.379,6
1369.579,6
1369.779,6
1369.979,6
1370.179,6
1370.379,6
1370.579,6
1370.779,6
1370.979,6
1371.179,6
1371.379,6
1371.579,6
1371.779,6
1371.979,6
1372.179,6
1372.379,6
1372.579,6
1372.779,6
1372.979,6
1373.179,6
1373.379,6
1373.579,6
1373.779,6
1373.979,6
1374.179,6
1374.379,6
1374.579,6
1374.779,6
1374.979,6
1375.179,6
1375.379,6
1375.579,6
1375.779,6
1375.979,6
1376.179,6
1376.379,6
1376.578,6
1376.78,6
1376.979,6
1377.179,6
1377.379,6
1377.578,6
1377.779,6
1377.978,6
1378.179,6
1378.378,6
1378.578,6
1378.778,6
1378.978,6
1379.178,6
1379.379,6
1379.578,6
1379.779,6
1379.978,6
1380.178,6
1380.379,6
1380.579,6
1380.779,6
1380.978,6
1381.178,6
1381.378,6
1381.578,6
1381.778,6
1381.978,6
1382.178,6
1382.378,6
1382.578,6
1382.779,6
1382.978,6
1383.178,6
1383.378,6
1383.578,6
1383.779,6
1383.978,6
1384.179,6
1384.378,6
1384.579,6
1384.778,6
1384.978,6
1385.178,6
1385.378,6
1385.579,6
1385.779,6
1385.978,6
1386.178,6
1386.379,6
1386.578,6
1386.779,6
1386.978,6
1387.178,6
1387.379,6
1387.579,6
1387.779,6
1387.978,6
1388.179,6
1388.378,6
1388.578,6
1388.779,6
1388.978,6
1389.179,6
1389.379,6
1389.578,6
1389.779,6
1389.978,6
1390.179,6
1390.378,6
1390.578,6
1390.778,6
1390.978,6
1391.178,6
1391.378,6
1391.578,6
1391.779,6
1391.979,6
1392.178,6
1392.378,6
1392.578,6
1392.779,6
1392.978,6
1393.178,6
1393.378,6
1393.578,6
1393.778,6
1393.978,6
1394.178,6
1394.378,6
1394.578,6
1394.778,6
1394.978,6
1395.179,6
1395.379,6
1395.578,6
1395.779,6
1395.979,6
1396.178,6
1396.378,6
1396.578,6
1396.778,6
1396.978,6
1397.178,6
1397.378,6
1397.578,6
1397.778,6
1397.978,6
1398.179,6
1398.379,6
1398.578,6
1398.778,6
1398.978,6
1399.178,6
1399.378,6
1399.578,6
1399.779,6
1399.978,6
1400.178,6
1400.378,6
1400.578,6
1400.778,6
1400.978,6
1401.178,6
1401.378,6
1401.578,6
1401.778,6
1401.978,6
1402.178,6
1402.378,6
1402.578,6
1402.778,6
1402.978,6
1403.178,6
1403.378,6
1403.579,6
1403.779,6
1403.978,6
1404.178,6
1404.378,6
1404.579,6
1404.779,6
1404.978,6
1405.178,6
1405.378,6
1405.578,6
1405.778,6
1405.978,6
1406.178,6
1406.378,6
1406.578,6
1406.778,6
1406.979,6
1407.179,6
1407.379,6
1407.579,6
1407.778,6
1407.978,6
1408.178,6
1408.378,6
1408.578,6
1408.779,6
1408.978,6
1409.178,6
1409.378,6
1409.578,6
1409.778,6
1409.978,6
1410.178,6
1410.378,6
1410.578,6
1410.779,6
1410.978,6
1411.178,6
1411.378,6
1411.578,6
1411.778,6
1411.978,6
1412.178,6
1412.378,6
1412.578,6
1412.778,6
1412.978,6
1413.178,6
1413.378,6
1413.578,6
1413.778,6
1413.978,6
1414.178,6
1414.378,6
1414.578,6
1414.778,6
1414.978,6
1415.178,6
1415.378,6
1415.578,6
1415.778,6
1415.978,6
1416.178,6
1416.378,6
1416.578,6
1416.778,6
1416.978,6
1417.178,6
1417.378,6
1417.578,6
1417.778,6
1417.978,6
1418.178,6
1418.378,6
1418.578,6
1418.778,6
1418.978,6
1419.178,6
1419.378,6
1419.578,6
1419.778,6
1419.978,6
1420.178,6
1420.378,6
1420.578,6
1420.778,6
1420.978,6
1421.178,6
1421.378,6
1421.578,6
1421.778,6
1421.978,6
1422.178,6
1422.378,6
1422.578,6
1422.778,6
1422.978,6
1423.178,6
1423.378,6
1423.578,6
1423.778,6
1423.978,6
1424.178,6
1424.378,6
1424.578,6
1424.778,6
1424.978,6
1425.178,6
1425.378,6
1425.578,6
1425.778,6
1425.978,6
1426.178,6
1426.378,6
1426.578,6
1426.778,6
1426.978,6
1427.178,6
1427.378,6
1427.578,6
1427.778,6
1427.978,6
1428.178,6
1428.378,6
1428.578,6
1428.778,6
1428.978,6
1429.178,6
1429.378,6
1429.578,6
1429.778,6
1429.978,6
1430.178,6
1430.378,6
1430.578,6
1430.778,6
1430.978,6
1431.178,6
1431.378,6
1431.578,6
1431.778,6
1431.978,6
1432.178,6
1432.378,6
1432.578,6
1432.778,6
1432.978,6
1433.178,6
1433.378,6
1433.578,6
1433.778,6
1433.978,6
1434.178,6
1434.378,6
1434.578,6
1434.778,6
1434.978,6
1435.178,6
1435.378,6
1435.578,6
1435.778,6
1435.978,6
1436.178,6
1436.378,6
1436.578,6
1436.778,6
1436.978,6
1437.178,6
1437.378,6
1437.578,6
1437.778,6
1437.978,6
1438.178,6
1438.378,6
1438.578,6
1438.778,6
1438.978,6
1439.178,6
1439.378,6
1439.578,6
1439.778,6
1439.978,6
1440.178,6
1440.378,6
1440.578,6
1440.778,6
1440.978,6
1441.178,6
1441.378,6
1441.578,6
1441.778,6
1441.978,6
1442.178,6
1442.378,6
1442.578,6
1442.778,6
1442.978,6
1443.178,6
1443.378,6
1443.578,6
1443.778,6
1443.978,6
1444.178,6
1444.378,6
1444.578,6
1444.778,6
1444.978,6
1445.178,6
1445.377,6
1445.578,6
1445.778,6
1445.978,6
1446.178,6
1446.378,6
1446.578,6
1446.777,6
1446.977,6
1447.178,6
1447.378,6
1447.577,6
1447.777,6
1447.977,6
1448.177,6
1448.377,6
1448.577,6
1448.777,6
1448.977,6
1449.177,6
1449.377,6
1449.577,6
1449.778,6
1449.978,6
1450.177,6
1450.377,6
1450.577,6
1450.777,6
1450.977,6
1451.177,6
1451.377,6
1451.577,6
1451.777,6
1451.977,6
1452.177,6
1452.377,6
1452.577,6
1452.777,6
1452.977,6
1453.177,6
1453.377,6
1453.577,6
1453.777,6
1453.977,6
1454.177,6
1454.377,6
1454.577,6
1454.777,6
1454.977,6
1455.177,6
1455.377,6
1455.577,6
1455.777,6
1455.977,6
1456.177,6
1456.377,6
1456.577,6
1456.777,6
1456.977,6
1457.177,6
1457.377,6
1457.577,6
1457.778,6
1457.977,6
1458.177,6
1458.377,6
1458.577,6
1458.777,6
1458.977,6
1459.177,6
1459.377,6
1459.577,6
1459.777,6
1459.978,6
1460.178,6
1460.377,6
1460.577,6
1460.777,6
1460.977,6
1461.177,6
1461.377,6
1461.577,6
1461.777,6
1461.977,6
1462.177,6
1462.377,6
1462.577,6
1462.777,6
1462.977,6
1463.177,6
1463.377,6
1463.577,6
1463.777,6
1463.977,6
1464.177,6
1464.377,6
1464.577,6
1464.777,6
1464.977,6
1465.177,6
1465.378,6
1465.578,6
1465.778,6
1465.978,6
1466.178,6
1466.378,6
1466.578,6
1466.777,6
1466.977,6
1467.177,6
1467.377,6
1467.577,6
1467.777,6
1467.978,6
1468.178,6
1468.378,6
1468.578,6
1468.778,6
1468.977,6
1469.177,6
1469.377,6
1469.578,6
1469.777,6
1469.977,6
1470.177,6
1470.377,6
1470.577,6
1470.777,6
1470.977,6
1471.177,6
1471.377,6
1471.577,6
1471.777,6
1471.977,6
1472.177,6
1472.377,6
1472.577,6
1472.777,6
1472.977,6
1473.177,6
1473.377,6
1473.577,6
1473.777,6
1473.977,6
1474.177,6
1474.377,6
1474.577,6
1474.777,6
1474.977,6
1475.177,6
1475.377,6
1475.577,6
1475.777,6
1475.977,6
1476.177,6
1476.377,6
1476.577,6
1476.777,6
1476.977,6
1477.177,6
1477.377,6
1477.577,6
1477.777,6
1477.977,6
1478.177,6
1478.377,6
1478.577,6
1478.777,6
1478.977,6
1479.177,6
1479.377,6
1479.577,6
1479.777,6
1479.977,6
1480.177,6
1480.377,6
1480.577,6
1480.777,6
1480.977,6
1481.177,6
1481.377,6
1481.577,6
1481.777,6
1481.977,6
1482.177,6
1482.377,6
1482.577,6
1482.777,6
1482.977,6
1483.177,6
1483.377,6
1483.577,6
1483.777,6
1483.977,6
1484.177,6
1484.377,6
1484.577,6
1484.777,6
1484.977,6
1485.177,6
1485.377,6
1485.577,6
1485.777,6
1485.977,6
1486.177,6
1486.377,6
1486.577,6
1486.777,6
1486.977,6
1487.177,6
1487.377,6
1487.577,6
1487.777,6
1487.977,6
1488.177,6
1488.377,6
1488.577,6
1488.777,6
1488.977,6
1489.177,6
1489.377,6
1489.577,6
1489.777,6
1489.977,6
1490.177,6
1490.377,6
1490.577,6
1490.777,6
1490.977,6
1491.177,6
1491.377,6
1491.577,6
1491.777,6
1491.977,6
1492.177,6
1492.377,6
1492.577,6
1492.777,6
1492.977,6
1493.177,6
1493.377,6
1493.577,6
1493.777,6
1493.977,6
1494.177,6
1494.377,6
1494.577,6
1494.777,6
1494.977,6
1495.177,6
1495.377,6
1495.577,6
1495.777,6
1495.977,6
1496.177,6
1496.377,6
1496.577,6
1496.777,6
1496.977,6
1497.177,6
1497.377,6
1497.577,6
1497.777,6
1497.977,6
1498.177,6
1498.376,6
1498.576,6
1498.777,6
1498.976,6
1499.177,6
1499.377,6
1499.577,6
1499.777,6
1499.977,6
1500.177,6
1500.377,6
1500.576,6
1500.776,6
1500.977,6
1501.177,6
1501.376,6
1501.576,6
1501.776,6
1501.977,6
1502.177,6
1502.377,6
1502.577,6
1502.777,6
1502.977,6
1503.176,6
1503.377,6
1503.577,6
1503.776,6
1503.977,6
1504.177,6
1504.377,6
1504.576,6
1504.777,6
1504.977,6
1505.177,6
1505.376,6
1505.577,6
1505.777,6
1505.976,6
1506.176,6
1506.377,6
1506.576,6
1506.776,6
1506.977,6
1507.176,6
1507.376,6
1507.576,6
1507.776,6
1507.976,6
1508.177,6
1508.376,6
1508.577,6
1508.777,6
1508.977,6
1509.176,6
1509.376,6
1509.576,6
1509.776,6
1509.976,6
1510.176,6
1510.376,6
1510.576,6
1510.776,6
1510.976,6
1511.176,6
1511.376,6
1511.576,6
1511.776,6
1511.976,6
1512.177,6
1512.376,6
1512.576,6
1512.776,6
1512.976,6
1513.176,6
1513.376,6
1513.576,6
1513.776,6
1513.976,6
1514.176,6
1514.376,6
1514.576,6
1514.776,6
1514.976,6
1515.176,6
1515.376,6
1515.576,6
1515.776,6
1515.977,6
1516.176,6
1516.376,6
1516.576,6
1516.776,6
1516.976,6
1517.176,6
1517.376,6
1517.576,6
1517.776,6
1517.976,6
1518.176,6
1518.376,6
1518.576,6
1518.776,6
1518.976,6
1519.176,6
1519.376,6
1519.576,6
1519.776,6
1519.976,6
1520.176,6
1520.376,6
1520.576,6
1520.776,6
1520.976,6
1521.176,6
1521.376,6
1521.576,6
1521.776,6
1521.976,6
1522.176,6
1522.376,6
1522.576,6
1522.776,6
1522.976,6
1523.176,6
1523.376,6
1523.576,6
1523.776,6
1523.976,6
1524.176,6
1524.376,6
1524.576,6
1524.776,6
1524.976,6
1525.176,6
1525.376,6
1525.576,6
1525.776,6
1525.976,6
1526.176,6
1526.376,6
1526.576,6
1526.776,6
1526.976,6
1527.176,6
1527.376,5.5
1527.576,5.5
1527.776,5.5
1527.976,5.5
1528.176,5.5
1528.376,5.5
1528.576,5.5
1528.776,5.5
1528.976,5.5
1529.176,5.5
1529.376,5.5
1529.576,5.5
1529.776,5.5
1529.976,5.5
1530.176,5.5
1530.376,5.5
1530.576,5.5
1530.776,5.5
1530.976,5.5
1531.176,5.5
1531.376,5.5
1531.576,5.5
1531.776,5.5
1531.976,5.5
1532.176,5.5
1532.376,5.5
1532.576,5.5
1532.776,5.5
1532.976,5.5
1533.176,5.5
1533.376,5.5
1533.576,5.5
1533.776,5.5
1533.976,5.5
1534.176,5.5
1534.376,5.5
1534.576,5.5
1534.776,5.5
1534.976,5.5
1535.176,5.5
1535.376,5.5
1535.576,5.5
1535.776,5.5
1535.976,5.5
1536.176,5.5
1536.376,5.5
1536.576,5.5
1536.776,5.5
1536.976,5.5
1537.176,5.5
1537.376,5.5
1537.576,5.5
1537.776,5.5
1537.976,5.5
1538.176,5.5
1538.376,5.5
1538.576,5.5
1538.776,5.5
1538.976,5.5
1539.176,5.5
1539.376,5.5
1539.576,5.5
1539.776,5.5
1539.976,5.5
