time,OutsTemp
0.00178125,-6
0.2017812,-6
0.4017813,-6
0.6017812,-6
0.8017812,-6
1.001781,-6
1.201781,-6
1.401781,-6
1.601781,-6
1.801781,-6
2.001781,-6
2.201781,-6
2.401781,-6
2.601781,-6
2.801781,-6
3.001781,-6
3.201781,-6
3.401781,-6
3.601781,-6
3.800781,-6
4.000781,-6
4.200781,-6
4.400781,-6
4.600781,-6
4.800781,-6
5.001781,-6
5.200781,-6
5.400781,-6
5.600781,-6
5.800781,-6
6.000781,-6
6.200781,-6
6.400781,-6
6.600781,-6
6.800781,-6
7.000781,-6
7.200781,-6
7.400781,-6
7.600781,-6
7.800781,-6
8.000781,-6
8.200781,-6
8.400782,-6
8.600781,-6
8.800781,-6
9.000781,-6
9.200781,-6
9.400782,-6
9.600781,-6
9.800781,-6
10.00078,-6
10.20078,-6
10.40078,-6
10.60078,-6
10.80078,-6
11.00078,-6
11.20078,-6
11.40078,-6
11.60078,-6
11.80078,-6
12.00078,-6
12.20078,-6
12.40078,-6
12.60078,-6
12.80078,-6
13.00078,-6
13.20078,-6
13.40078,-6
13.60178,-6
13.80078,-6
14.00078,-6
14.20078,-6
14.40078,-6
14.60078,-6
14.80078,-6
15.00078,-6
15.20078,-6
15.40078,-6
15.60078,-6
15.80078,-6
16.00078,-6
16.20078,-6
16.40078,-6
16.60178,-6
16.80078,-6
17.00078,-6
17.20078,-6
17.40078,-6
17.60078,-6
17.80078,-6
18.00078,-6
18.20078,-6
18.40078,-6
18.60078,-6
18.80078,-6
19.00078,-6
19.20078,-6
19.40078,-6
19.60078,-6
19.80078,-6
20.00078,-6
20.20078,-6
20.40078,-6
20.60078,-6
20.80078,-6
21.00078,-6
21.20078,-6
21.40078,-6
21.60078,-6
21.80078,-6
22.00078,-6
22.20078,-6
22.40078,-6
22.60078,-6
22.80078,-6
23.00178,-6
23.20078,-6
23.40078,-6
23.60078,-6
23.80078,-6
24.00078,-6
24.20078,-6
24.40078,-6
24.60078,-6
24.80078,-6
25.00078,-6
25.20078,-6
25.40078,-6
25.60078,-6
25.80078,-6
26.00078,-6
26.20078,-6
26.40078,-6
26.60078,-6
26.80078,-6
27.00078,-6
27.20078,-6
27.40078,-6
27.60078,-6
27.80078,-6
28.00078,-6
28.20078,-6
28.40078,-6
28.60078,-6
28.80078,-6
29.00078,-6
29.20078,-6
29.40078,-6
29.60078,-6
29.80078,-6
30.00078,-6
30.20078,-6
30.40078,-6
30.60078,-6
30.80078,-6
31.00078,-6
31.20078,-6
31.40078,-6
31.60078,-6
31.80078,-6
32.00078,-6
32.20078,-6
32.40078,-6
32.60078,-6
32.80078,-6
33.00078,-6
33.20078,-6
33.40078,-6
33.60078,-6
33.80078,-6
34.00078,-6
34.20078,-6
34.40078,-6
34.60078,-6
34.80078,-6
35.00078,-6
35.20078,-6
35.40078,-6
35.60078,-6
35.80078,-6
36.00078,-6
36.20078,-6
36.40078,-6
36.60078,-6
36.80078,-6
37.00078,-6
37.20078,-6
37.40078,-6
37.60078,-6
37.80078,-6
38.00078,-6
38.20078,-6
38.40078,-6
38.60078,-6
38.80078,-6
39.00078,-6
39.20078,-6
39.40078,-6
39.60078,-6
39.80078,-6
40.00078,-6
40.20078,-6
40.40078,-6
40.60078,-6
40.80078,-6
41.00078,-6
41.20078,-6
41.40078,-6
41.60078,-6
41.80078,-6
42.00078,-6
42.20078,-6
42.40078,-6
42.60078,-6
42.80078,-6
43.00078,-6
43.20078,-6
43.40078,-6
43.60078,-6
43.80078,-6
44.00078,-6
44.20078,-6
44.40078,-6
44.60078,-6
44.80078,-6
45.00078,-6
45.20078,-6
45.40078,-6
45.60078,-6
45.80078,-6
46.00078,-6
46.20078,-6
46.40078,-6
46.60078,-6
46.80078,-6
47.00078,-6
47.20078,-6
47.40078,-6
47.60078,-6
47.80078,-6
48.00078,-6
48.20078,-6
48.40078,-6
48.60078,-6
48.80078,-6
49.00078,-6
49.20078,-6
49.40078,-6
49.60078,-6
49.80078,-6
50.00078,-6
50.20078,-6
50.40078,-6
50.60078,-6
50.80078,-6
51.00078,-6
51.20078,-6
51.40078,-6
51.60078,-6
51.80078,-6
52.00078,-6
52.20078,-6
52.40078,-6
52.60078,-6
52.80078,-6
53.00078,-6
53.20078,-6
53.40078,-6
53.60078,-6
53.80078,-6
54.00078,-6
54.20078,-6
54.40078,-6
54.60078,-6
54.80078,-6
55.00078,-6
55.20078,-6
55.40078,-6
55.60078,-6
55.80078,-6
56.00078,-6
56.20078,-6
56.40078,-6
56.60078,-6
56.80078,-5.5
57.00078,-5.5
57.20078,-5.5
57.40078,-5.5
57.60078,-5.5
57.80078,-5.5
58.00078,-5.5
58.20078,-5.5
58.40078,-5.5
58.60078,-5.5
58.80078,-5.5
59.00078,-5.5
59.20078,-5.5
59.40078,-5.5
59.60078,-5.5
59.80078,-5.5
60.00078,-5.5
60.20078,-5.5
60.40078,-5.5
60.60078,-5.5
60.80078,-5.5
61.00078,-5.5
61.20078,-5.5
61.40078,-5.5
61.60078,-5.5
61.80078,-5.5
62.00078,-5.5
62.20078,-5.5
62.40078,-5.5
62.60078,-5.5
62.80078,-5.5
63.00078,-5.5
63.20078,-5.5
63.40078,-5.5
63.60078,-5.5
63.80078,-5.5
64.00078,-5.5
64.20078,-5.5
64.40078,-5.5
64.60078,-5.5
64.80078,-5.5
65.00078,-5.5
65.20078,-5.5
65.40078,-5.5
65.60078,-5.5
65.80078,-5.5
66.00078,-5.5
66.20078,-5.5
66.40078,-5.5
66.60078,-5.5
66.80078,-5.5
67.00078,-5.5
67.20078,-5.5
67.40078,-5.5
67.60078,-5.5
67.80078,-5.5
68.00078,-5.5
68.20078,-5.5
68.40078,-5.5
68.60078,-5.5
68.80078,-5.5
69.00078,-5.5
69.20078,-5.5
69.40078,-5.5
69.60078,-5.5
69.80078,-5.5
70.00078,-5.5
70.20078,-5.5
70.40078,-5.5
70.60078,-5.5
70.80078,-5.5
71.00078,-5.5
71.20078,-5.5
71.40078,-5.5
71.60078,-5.5
71.80078,-5.5
72.00078,-5.5
72.20078,-5.5
72.40078,-5.5
72.60078,-5.5
72.80078,-5.5
73.00078,-5.5
73.20078,-5.5
73.40078,-5.5
73.60078,-5.5
73.80078,-5.5
74.00078,-5.5
74.20078,-5.5
74.40078,-5.5
74.60078,-5.5
74.80078,-5.5
75.00078,-5.5
75.20078,-5
75.40078,-5
75.60078,-5
75.79978,-5
75.99978,-5
76.19978,-5
76.39978,-5
76.59978,-5
76.79978,-5
76.99978,-5
77.20078,-5
77.39978,-5
77.59978,-5
77.79978,-5
78.00078,-5
78.20078,-5
78.40078,-5
78.60078,-5
78.79978,-5
78.99978,-5
79.19978,-5
79.40078,-5
79.59978,-5
79.79978,-5
79.99978,-5
80.19978,-5
80.39978,-5
80.59978,-5
80.79978,-5
81.00078,-5
81.19978,-5
81.39978,-5
81.60078,-5
81.79978,-5
81.99978,-5
82.19978,-5
82.39978,-5
82.59978,-5
82.79978,-5
82.99978,-5
83.19978,-5
83.39978,-5
83.59978,-5
83.79978,-5
84.00078,-5
84.19978,-5
84.39978,-5
84.59978,-5
84.79978,-5
85.00078,-5
85.19978,-5
85.39978,-5
85.59978,-5
85.79978,-5
85.99978,-5
86.19978,-5
86.39978,-5
86.59978,-5
86.79978,-5
86.99978,-5
87.19978,-5
87.39978,-5
87.59978,-5
87.79978,-5
87.99978,-5
88.19978,-5
88.39978,-5
88.59978,-5
88.79978,-5
88.99978,-5
89.19978,-5
89.39978,-5
89.59978,-5
89.79978,-5
89.99978,-5
90.19978,-5
90.39978,-5
90.59978,-5
90.79978,-5
90.99978,-5
91.19978,-5
91.39978,-5
91.59978,-5
91.79978,-5
91.99978,-5
92.19978,-5
92.39978,-5
92.59978,-5
92.79978,-5
92.99978,-5
93.19978,-5
93.39978,-5
93.59978,-5
93.79978,-5
93.99978,-5
94.19978,-5
94.39978,-5
94.59978,-5
94.79978,-5
94.99978,-5
95.19978,-5
95.39978,-5
95.59978,-5
95.79978,-5
95.99978,-5
96.19978,-5
96.39978,-5
96.59978,-5
96.79978,-5
96.99978,-5
97.19978,-5
97.39978,-5
97.59978,-5
97.79978,-5
97.99978,-5
98.19978,-5
98.39978,-5
98.59978,-5
98.79978,-5
98.99978,-5
99.19978,-5
99.39978,-5
99.59978,-5
99.79978,-5
99.99978,-5
100.1998,-5
100.3998,-5
100.5998,-5
100.7998,-5
100.9998,-5
101.1998,-5
101.3998,-5
101.5998,-5
101.7998,-5
101.9998,-5
102.1998,-5
102.3998,-5
102.5998,-5
102.7998,-5
102.9998,-5
103.1998,-5
103.3998,-5
103.5998,-5
103.7998,-5
103.9998,-5
104.1998,-5
104.3998,-5
104.5998,-5
104.7998,-5
104.9998,-5
105.1998,-5
105.3998,-5
105.5998,-5
105.7998,-5
105.9998,-5
106.1998,-5
106.3998,-5
106.5998,-5
106.7998,-5
106.9998,-5
107.1998,-5
107.3998,-5
107.5998,-5
107.7998,-5
107.9998,-5
108.1998,-5
108.3998,-5
108.5998,-5
108.7998,-5
108.9998,-5
109.1998,-5
109.3998,-5
109.5998,-5
109.7998,-5
109.9998,-5
110.1998,-5
110.3998,-5
110.5998,-5
110.7998,-5
110.9998,-5
111.1998,-5
111.3998,-5
111.5998,-5
111.7998,-5
111.9998,-5
112.1998,-5
112.3998,-5
112.5998,-5
112.7998,-5
112.9998,-5
113.1998,-5
113.3998,-5
113.5998,-5
113.7998,-5
113.9998,-5
114.1998,-5
114.3998,-5
114.5998,-5
114.7998,-5
114.9998,-5
115.1998,-5
115.3998,-5
115.5998,-5
115.7998,-5
115.9998,-5
116.1998,-5
116.3998,-5
116.5998,-5
116.7998,-5
116.9998,-5
117.1998,-5
117.3998,-5
117.5998,-5
117.7998,-5
117.9998,-5
118.1998,-5
118.3998,-5
118.5998,-5
118.7998,-5
118.9998,-5
119.1998,-5
119.3998,-5
119.5998,-5
119.7998,-5
119.9998,-5
120.1998,-5
120.3998,-5
120.5998,-5
120.7998,-5
120.9998,-5
121.1998,-5
121.3998,-5
121.5998,-5
121.7998,-5
121.9998,-5
122.1998,-5
122.3998,-5
122.5998,-5
122.7998,-5
122.9998,-5
123.1998,-5
123.3998,-5
123.5998,-5
123.8008,-5
123.9998,-5
124.1998,-5
124.3998,-5
124.5998,-5
124.7998,-5
124.9998,-5
125.1998,-5
125.3998,-5
125.5998,-5
125.7998,-5
125.9998,-5
126.1998,-5
126.3998,-5
126.5998,-5
126.7998,-5
126.9998,-5
127.1998,-5
127.3998,-5
127.5998,-5
127.7998,-5
127.9998,-5
128.1998,-5
128.3998,-5
128.5998,-5
128.7998,-5
128.9998,-5
129.1998,-5
129.3998,-5
129.5998,-5
129.7998,-5
129.9998,-5
130.1998,-5
130.3998,-5
130.5998,-5
130.7998,-5
130.9998,-5
131.1998,-5
131.3998,-5
131.5998,-5
131.7998,-5
131.9998,-5
132.1998,-5
132.3998,-5
132.5998,-5
132.7998,-5
132.9998,-5
133.1998,-5
133.3998,-5
133.5998,-5
133.7998,-5
133.9998,-5
134.1998,-5
134.3998,-5
134.5998,-5
134.7998,-5
134.9998,-5
135.1998,-5
135.3998,-5
135.5998,-5
135.7998,-5
135.9998,-5
136.1998,-5
136.3998,-5
136.5998,-5
136.7998,-5
136.9998,-5
137.1998,-5
137.3998,-5
137.5998,-5
137.7998,-5
137.9998,-5
138.1998,-5
138.3998,-5
138.5998,-5
138.7998,-5
138.9998,-5
139.1998,-5
139.3998,-5
139.5998,-5
139.7998,-5
139.9998,-5
140.1998,-5
140.3998,-5
140.5998,-5
140.7998,-5
140.9998,-5
141.1998,-5
141.3998,-5
141.5998,-5
141.7998,-5
141.9998,-5
142.1998,-5
142.3998,-5
142.5998,-5
142.7998,-5
142.9998,-5
143.1998,-5
143.3998,-5
143.5998,-5
143.7998,-5
143.9998,-5
144.1988,-5
144.3988,-5
144.5998,-5
144.7988,-5
144.9988,-5
145.1988,-5
145.3998,-5
145.5998,-5
145.7998,-5
145.9998,-5
146.1988,-5
146.3988,-5
146.5988,-5
146.7988,-5
146.9998,-5
147.1988,-5
147.3988,-5
147.5988,-5
147.7988,-5
147.9988,-5
148.1988,-5
148.3998,-5
148.5988,-5
148.7998,-5
148.9998,-5
149.1998,-5
149.3988,-5
149.5988,-5
149.7988,-5
149.9988,-5
150.1988,-5
150.3988,-5
150.5988,-5
150.7988,-5
150.9988,-5
151.1988,-5
151.3998,-5
151.5988,-5
151.7988,-5
151.9988,-5
152.1988,-5
152.3988,-5
152.5988,-5
152.7988,-5
152.9988,-5
153.1988,-5
153.3988,-5
153.5988,-5
153.7988,-5
153.9988,-5
154.1988,-5
154.3998,-5
154.5988,-5
154.7988,-5
154.9988,-5
155.1988,-5
155.3988,-5
155.5988,-5
155.7988,-5
155.9988,-5
156.1988,-5
156.3988,-5
156.5988,-5
156.7988,-5
156.9988,-5
157.1988,-4.5
157.3988,-4.5
157.5988,-4.5
157.7988,-4.5
157.9988,-4.5
158.1988,-4.5
158.3988,-4.5
158.5988,-4.5
158.7988,-4.5
158.9988,-4.5
159.1988,-4.5
159.3988,-4.5
159.5988,-4.5
159.7988,-4.5
159.9988,-4.5
160.1988,-4.5
160.3988,-4.5
160.5988,-4.5
160.7988,-4.5
160.9988,-4.5
161.1988,-4.5
161.3988,-4.5
161.5988,-4.5
161.7988,-4.5
161.9988,-4.5
162.1988,-4.5
162.3988,-4.5
162.5988,-4.5
162.7988,-4.5
162.9988,-4.5
163.1988,-4.5
163.3988,-4.5
163.5988,-4.5
163.7988,-4.5
163.9988,-4.5
164.1988,-4.5
164.3988,-4.5
164.5988,-4.5
164.7988,-4.5
164.9988,-4.5
165.1988,-4.5
165.3988,-4.5
165.5988,-4.5
165.7988,-4.5
165.9988,-4.5
166.1988,-4.5
166.3988,-4.5
166.5988,-4.5
166.7988,-4.5
166.9988,-4.5
167.1988,-4.5
167.3988,-4.5
167.5988,-4.5
167.7988,-4.5
167.9988,-4.5
168.1988,-4.5
168.3988,-4.5
168.5988,-4.5
168.7988,-4.5
168.9988,-4.5
169.1988,-4.5
169.3988,-4.5
169.5988,-4.5
169.7988,-4.5
169.9988,-4.5
170.1988,-4.5
170.3988,-4.5
170.5988,-4.5
170.7988,-4.5
170.9988,-4.5
171.1988,-4.5
171.3988,-4.5
171.5988,-4.5
171.7988,-4.5
171.9988,-4.5
172.1988,-4.5
172.3988,-4.5
172.5988,-4.5
172.7988,-4.5
172.9988,-4.5
173.1988,-4.5
173.3988,-4.5
173.5988,-4.5
173.7988,-4.5
173.9988,-4.5
174.1988,-4.5
174.3988,-4.5
174.5988,-4.5
174.7988,-4.5
174.9988,-4.5
175.1988,-4.5
175.3988,-4.5
175.5988,-4.5
175.7988,-4.5
175.9988,-4.5
176.1988,-4.5
176.3988,-4.5
176.5988,-4.5
176.7988,-4.5
176.9988,-4.5
177.1988,-4.5
177.3988,-4.5
177.5988,-4.5
177.7988,-4.5
177.9988,-4.5
178.1988,-4.5
178.3988,-4.5
178.5988,-4.5
178.7988,-4.5
178.9988,-4.5
179.1988,-4.5
179.3988,-4.5
179.5988,-4.5
179.7988,-4.5
179.9988,-4.5
180.1988,-4.5
180.3988,-4.5
180.5988,-4.5
180.7988,-4.5
180.9988,-4.5
181.1988,-4.5
181.3988,-4.5
181.5988,-4.5
181.7988,-4.5
181.9988,-4.5
182.1988,-4.5
182.3988,-4.5
182.5988,-4.5
182.7988,-4.5
182.9988,-4.5
183.1988,-4.5
183.3988,-4.5
183.5988,-4.5
183.7988,-4.5
183.9988,-4.5
184.1988,-4.5
184.3988,-4.5
184.5988,-4.5
184.7988,-4.5
184.9988,-4.5
185.1988,-4.5
185.3988,-4.5
185.5988,-4.5
185.7988,-4.5
185.9988,-4.5
186.1988,-4.5
186.3988,-4.5
186.5988,-4.5
186.7988,-4.5
186.9988,-4.5
187.1988,-4.5
187.3988,-4.5
187.5988,-4.5
187.7988,-4.5
187.9988,-4.5
188.1988,-4.5
188.3988,-4.5
188.5988,-4.5
188.7988,-4.5
188.9988,-4.5
189.1988,-4.5
189.3988,-4.5
189.5988,-4.5
189.7988,-4.5
189.9988,-4.5
190.1988,-4.5
190.3988,-4.5
190.5988,-4.5
190.7988,-4.5
190.9988,-4.5
191.1988,-4.5
191.3988,-4.5
191.5988,-4.5
191.7988,-4.5
191.9988,-4.5
192.1988,-4.5
192.3988,-4.5
192.5988,-4.5
192.7988,-4.5
192.9988,-4.5
193.1988,-4.5
193.3988,-4.5
193.5988,-4.5
193.7988,-4.5
193.9988,-4.5
194.1988,-4.5
194.3988,-4.5
194.5988,-4.5
194.7988,-4.5
194.9988,-4.5
195.1988,-4.5
195.3988,-4.5
195.5988,-4.5
195.7988,-4.5
195.9988,-4.5
196.1988,-4.5
196.3988,-4.5
196.5988,-4.5
196.7988,-4.5
196.9988,-4.5
197.1988,-4.5
197.3988,-4.5
197.5988,-4.5
197.7988,-4.5
197.9988,-4.5
198.1988,-4.5
198.3988,-4.5
198.5988,-4.5
198.7988,-4.5
198.9988,-4.5
199.1988,-4.5
199.3988,-4.5
199.5988,-4.5
199.7988,-4.5
199.9988,-4.5
200.1988,-4.5
200.3988,-4.5
200.5988,-4.5
200.7988,-4.5
200.9988,-4.5
201.1988,-4.5
201.3988,-4.5
201.5988,-4.5
201.7988,-4.5
201.9988,-4.5
202.1988,-4.5
202.3988,-4.5
202.5988,-4.5
202.7988,-4.5
202.9988,-4.5
203.1988,-4.5
203.3988,-4.5
203.5988,-4.5
203.7988,-4.5
203.9988,-4.5
204.1988,-4.5
204.3988,-4.5
204.5988,-4.5
204.7988,-4.5
204.9988,-4.5
205.1988,-4.5
205.3988,-4.5
205.5988,-4.5
205.7988,-4.5
205.9988,-4.5
206.1988,-4.5
206.3988,-4.5
206.5988,-4.5
206.7988,-4.5
206.9988,-4.5
207.1988,-4.5
207.3988,-4.5
207.5988,-4.5
207.7988,-4.5
207.9988,-4.5
208.1988,-4.5
208.3988,-4.5
208.5988,-4.5
208.7988,-4.5
208.9988,-4.5
209.1988,-4.5
209.3988,-4.5
209.5988,-4.5
209.7988,-4.5
209.9988,-4.5
210.1988,-4.5
210.3988,-4.5
210.5988,-4.5
210.7988,-4.5
210.9988,-4.5
211.1988,-4.5
211.3988,-4.5
211.5988,-4.5
211.7978,-4.5
211.9978,-4.5
212.1978,-4.5
212.3978,-4.5
212.5988,-4.5
212.7988,-4.5
212.9988,-4.5
213.1978,-4.5
213.3978,-4.5
213.5978,-4.5
213.7988,-4.5
213.9978,-4.5
214.1978,-4.5
214.3978,-4.5
214.5978,-4.5
214.7988,-4.5
214.9978,-4.5
215.1978,-4.5
215.3978,-4.5
215.5988,-4.5
215.7988,-4.5
215.9988,-4.5
216.1988,-4.5
216.3988,-4.5
216.5988,-4.5
216.7978,-4.5
216.9978,-4.5
217.1978,-4.5
217.3978,-4.5
217.5988,-4.5
217.7978,-4.5
217.9988,-4.5
218.1978,-4.5
218.3988,-4.5
218.5978,-4.5
218.7978,-4.5
218.9978,-4.5
219.1978,-4.5
219.3978,-4.5
219.5978,-4.5
219.7978,-4.5
219.9978,-4.5
220.1978,-4.5
220.3988,-4.5
220.5988,-4.5
220.7988,-4.5
220.9978,-4.5
221.1988,-4.5
221.3988,-4.5
221.5988,-4.5
221.7988,-4.5
221.9978,-4.5
222.1978,-4.5
222.3978,-4.5
222.5988,-4.5
222.7988,-4.5
222.9988,-4.5
223.1988,-4.5
223.3988,-4.5
223.5988,-4.5
223.7988,-4.5
223.9978,-4.5
224.1978,-4.5
224.3988,-4.5
224.5978,-4.5
224.7978,-4.5
224.9978,-4.5
225.1978,-4.5
225.3978,-4.5
225.5978,-4.5
225.7978,-4.5
225.9978,-4.5
226.1978,-4.5
226.3978,-4.5
226.5978,-4.5
226.7978,-4.5
226.9978,-4.5
227.1978,-4.5
227.3978,-4.5
227.5978,-4.5
227.7978,-4.5
227.9978,-4.5
228.1978,-4.5
228.3978,-4.5
228.5978,-4.5
228.7978,-4.5
228.9978,-4.5
229.1978,-4.5
229.3978,-4.5
229.5978,-4.5
229.7978,-4.5
229.9978,-4.5
230.1978,-4.5
230.3978,-4.5
230.5978,-4.5
230.7978,-4.5
230.9978,-4.5
231.1978,-4.5
231.3978,-4.5
231.5978,-4.5
231.7978,-4.5
231.9978,-4.5
232.1988,-4.5
232.3978,-4.5
232.5978,-4.5
232.7978,-4.5
232.9978,-4.5
233.1978,-4.5
233.3978,-4.5
233.5978,-4.5
233.7978,-4.5
233.9988,-4.5
234.1988,-4.5
234.3978,-4.5
234.5978,-4.5
234.7978,-4.5
234.9978,-4.5
235.1978,-4.5
235.3978,-4.5
235.5978,-4.5
235.7978,-4.5
235.9978,-4.5
236.1978,-4.5
236.3978,-4.5
236.5978,-4.5
236.7978,-4.5
236.9978,-4.5
237.1988,-4.5
237.3988,-4.5
237.5978,-4.5
237.7978,-4.5
237.9978,-4.5
238.1978,-4.5
238.3978,-4.5
238.5978,-4.5
238.7978,-4.5
238.9978,-4.5
239.1978,-4.5
239.3978,-4.5
239.5978,-4.5
239.7978,-4.5
239.9988,-4.5
240.1978,-4.5
240.3978,-4.5
240.5978,-4.5
240.7978,-4.5
240.9978,-4.5
241.1978,-4.5
241.3978,-4.5
241.5978,-4.5
241.7978,-4.5
241.9978,-4.5
242.1978,-4.5
242.3978,-4.5
242.5978,-4.5
242.7978,-4.5
242.9988,-4.5
243.1988,-4.5
243.3978,-4.5
243.5978,-4.5
243.7988,-4.5
243.9978,-4.5
244.1978,-4.5
244.3978,-4.5
244.5978,-4.5
244.7978,-4.5
244.9978,-4.5
245.1978,-4.5
245.3978,-4.5
245.5978,-4.5
245.7978,-4.5
245.9988,-4.5
246.1988,-4.5
246.3978,-4.5
246.5978,-4.5
246.7978,-4.5
246.9978,-4.5
247.1978,-4.5
247.3978,-4.5
247.5978,-4.5
247.7978,-4.5
247.9978,-4.5
248.1978,-4.5
248.3978,-4.5
248.5978,-4.5
248.7978,-4.5
248.9978,-4.5
249.1978,-4.5
249.3978,-4.5
249.5978,-4.5
249.7978,-4.5
249.9978,-4.5
250.1978,-4.5
250.3978,-4.5
250.5978,-4.5
250.7978,-4.5
250.9978,-4.5
251.1978,-4.5
251.3978,-4.5
251.5988,-4.5
251.7978,-4.5
251.9978,-4.5
252.1978,-4.5
252.3978,-4.5
252.5978,-4.5
252.7978,-4.5
252.9978,-4.5
253.1978,-4.5
253.3978,-4.5
253.5978,-4.5
253.7978,-4.5
253.9978,-4.5
254.1978,-4.5
254.3978,-4.5
254.5978,-4.5
254.7978,-4.5
254.9978,-4.5
255.1978,-4.5
255.3988,-4.5
255.5978,-4.5
255.7978,-4.5
255.9978,-4.5
256.1978,-4.5
256.3978,-4.5
256.5978,-4.5
256.7978,-4.5
256.9978,-4.5
257.1978,-4.5
257.3978,-4.5
257.5978,-4.5
257.7978,-4.5
257.9978,-4.5
258.1978,-4.5
258.3978,-4.5
258.5978,-4.5
258.7978,-4.5
258.9978,-4.5
259.1988,-4.5
259.3988,-4.5
259.5978,-4.5
259.7978,-4.5
259.9978,-4.5
260.1978,-4.5
260.3978,-4.5
260.5978,-4.5
260.7978,-4.5
260.9978,-4.5
261.1978,-4.5
261.3978,-4.5
261.5978,-4.5
261.7978,-4.5
261.9978,-4.5
262.1978,-4.5
262.3978,-4.5
262.5978,-4.5
262.7978,-4.5
262.9978,-4.5
263.1978,-4.5
263.3988,-4.5
263.5978,-4.5
263.7978,-4.5
263.9978,-4.5
264.1978,-4.5
264.3978,-4.5
264.5978,-4.5
264.7978,-4.5
264.9978,-4.5
265.1978,-4.5
265.3978,-4.5
265.5978,-4.5
265.7978,-4.5
265.9978,-4.5
266.1978,-4.5
266.3978,-4.5
266.5978,-4.5
266.7978,-4.5
266.9978,-4.5
267.1978,-4.5
267.3978,-4.5
267.5978,-4.5
267.7978,-4.5
267.9978,-4.5
268.1978,-4.5
268.3978,-4.5
268.5978,-4.5
268.7978,-4.5
268.9978,-4.5
269.1978,-4.5
269.3978,-4.5
269.5978,-4.5
269.7978,-4.5
269.9978,-4.5
270.1978,-4.5
270.3978,-4.5
270.5978,-4.5
270.7978,-4.5
270.9978,-4.5
271.1978,-4.5
271.3978,-4.5
271.5978,-4.5
271.7978,-4.5
271.9978,-4.5
272.1978,-4.5
272.3978,-4.5
272.5978,-4.5
272.7978,-4.5
272.9978,-4.5
273.1978,-4.5
273.3978,-4.5
273.5978,-4.5
273.7978,-4.5
273.9978,-4.5
274.1978,-4.5
274.3978,-4.5
274.5978,-4.5
274.7978,-4.5
274.9978,-4.5
275.1978,-4.5
275.3978,-4.5
275.5978,-4.5
275.7978,-4.5
275.9978,-4.5
276.1978,-4.5
276.3978,-4.5
276.5978,-4.5
276.7978,-4.5
276.9978,-4.5
277.1978,-4.5
277.3978,-4.5
277.5978,-4.5
277.7978,-4.5
277.9978,-4.5
278.1978,-4.5
278.3978,-4.5
278.5978,-4.5
278.7978,-4.5
278.9978,-4.5
279.1978,-4.5
279.3978,-4.5
279.5978,-4.5
279.7978,-4.5
279.9978,-4.5
280.1978,-4.5
280.3978,-4.5
280.5978,-4.5
280.7978,-4.5
280.9978,-4.5
281.1978,-4.5
281.3978,-4.5
281.5978,-4.5
281.7978,-4.5
281.9968,-4.5
282.1968,-4.5
282.3978,-4.5
282.5978,-4.5
282.7978,-4.5
282.9978,-4.5
283.1978,-4.5
283.3968,-4.5
283.5978,-4.5
283.7978,-4.5
283.9978,-4.5
284.1968,-4.5
284.3978,-4.5
284.5978,-4.5
284.7978,-4.5
284.9968,-4.5
285.1968,-4.5
285.3968,-4.5
285.5968,-4.5
285.7978,-4.5
285.9978,-4.5
286.1978,-4.5
286.3978,-4.5
286.5978,-4.5
286.7978,-4.5
286.9978,-4.5
287.1978,-4.5
287.3968,-4.5
287.5978,-4.5
287.7968,-4.5
287.9968,-4.5
288.1968,-4.5
288.3968,-4.5
288.5968,-4.5
288.7968,-4.5
288.9968,-4.5
289.1968,-4.5
289.3968,-4.5
289.5968,-4.5
289.7968,-4.5
289.9968,-4.5
290.1978,-4.5
290.3968,-4.5
290.5968,-4.5
290.7968,-4.5
290.9968,-4.5
291.1968,-4.5
291.3968,-4.5
291.5968,-4.5
291.7968,-4.5
291.9968,-4.5
292.1968,-4.5
292.3968,-4.5
292.5968,-4.5
292.7968,-4.5
292.9968,-4.5
293.1968,-4.5
293.3968,-4.5
293.5968,-4.5
293.7968,-4.5
293.9968,-4.5
294.1978,-4.5
294.3968,-4.5
294.5968,-4.5
294.7968,-4.5
294.9968,-4.5
295.1968,-4.5
295.3968,-4.5
295.5968,-4.5
295.7968,-4.5
295.9968,-4.5
296.1968,-4.5
296.3968,-4.5
296.5968,-4.5
296.7968,-4.5
296.9968,-4.5
297.1968,-4.5
297.3968,-4.5
297.5968,-4.5
297.7968,-4.5
297.9968,-4.5
298.1968,-4.5
298.3968,-4.5
298.5968,-4.5
298.7968,-4.5
298.9968,-4.5
299.1968,-4.5
299.3968,-4.5
299.5968,-4.5
299.7968,-4.5
299.9968,-4.5
300.1968,-4.5
300.3968,-4.5
300.5968,-4.5
300.7968,-4.5
300.9968,-4.5
301.1968,-4.5
301.3968,-4.5
301.5968,-4.5
301.7968,-4.5
301.9968,-4.5
302.1968,-4.5
302.3968,-4.5
302.5968,-4.5
302.7968,-4.5
302.9968,-4.5
303.1968,-4.5
303.3968,-4.5
303.5968,-4.5
303.7968,-4.5
303.9968,-4.5
304.1968,-4.5
304.3968,-4.5
304.5968,-4.5
304.7968,-4.5
304.9968,-4.5
305.1968,-4.5
305.3968,-4.5
305.5968,-4.5
305.7968,-4.5
305.9968,-4.5
306.1968,-4.5
306.3968,-4.5
306.5968,-4.5
306.7968,-4.5
306.9968,-4.5
307.1968,-4.5
307.3968,-4.5
307.5968,-4.5
307.7968,-4.5
307.9968,-4.5
308.1968,-4.5
308.3968,-4.5
308.5968,-4.5
308.7968,-4.5
308.9968,-4.5
309.1968,-4.5
309.3968,-4.5
309.5968,-4.5
309.7968,-4.5
309.9968,-4.5
310.1968,-4.5
310.3968,-4.5
310.5968,-4.5
310.7968,-4.5
310.9968,-4.5
311.1968,-4.5
311.3968,-4.5
311.5968,-4.5
311.7968,-4.5
311.9968,-4.5
312.1968,-4.5
312.3968,-4.5
312.5968,-4.5
312.7968,-4.5
312.9968,-4.5
313.1968,-4.5
313.3968,-4.5
313.5968,-4.5
313.7968,-4.5
313.9968,-4.5
314.1968,-4.5
314.3968,-4.5
314.5968,-4.5
314.7968,-4.5
314.9968,-4.5
315.1968,-4.5
315.3968,-4.5
315.5968,-4.5
315.7968,-4.5
315.9968,-4.5
316.1968,-4.5
316.3968,-4.5
316.5968,-4.5
316.7968,-4.5
316.9968,-4.5
317.1968,-4.5
317.3968,-4.5
317.5968,-4.5
317.7968,-4.5
317.9968,-4.5
318.1968,-4.5
318.3968,-4.5
318.5968,-4.5
318.7968,-4.5
318.9968,-4.5
319.1968,-4.5
319.3968,-4.5
319.5968,-4.5
319.7968,-4.5
319.9968,-4.5
320.1968,-4.5
320.3968,-4.5
320.5968,-4.5
320.7968,-4.5
320.9968,-4.5
321.1968,-4.5
321.3968,-4.5
321.5968,-4.5
321.7968,-4.5
321.9968,-4.5
322.1968,-4.5
322.3968,-4.5
322.5968,-4.5
322.7968,-4.5
322.9968,-4.5
323.1968,-4.5
323.3968,-4.5
323.5968,-4.5
323.7968,-4.5
323.9968,-4.5
324.1968,-4.5
324.3968,-4.5
324.5968,-4.5
324.7968,-4.5
324.9968,-4.5
325.1968,-4.5
325.3968,-4.5
325.5968,-4.5
325.7968,-4.5
325.9968,-4.5
326.1968,-4.5
326.3968,-4.5
326.5968,-4.5
326.7968,-4.5
326.9968,-4.5
327.1968,-4.5
327.3968,-4.5
327.5968,-4.5
327.7968,-4.5
327.9968,-4.5
328.1968,-4.5
328.3968,-4.5
328.5968,-4.5
328.7968,-4.5
328.9968,-4.5
329.1968,-4.5
329.3968,-4.5
329.5968,-4.5
329.7968,-4.5
329.9968,-4.5
330.1968,-4.5
330.3968,-4.5
330.5968,-4.5
330.7968,-4.5
330.9968,-4.5
331.1968,-4.5
331.3968,-4.5
331.5968,-4.5
331.7968,-4.5
331.9968,-4.5
332.1968,-4.5
332.3968,-4.5
332.5968,-4.5
332.7968,-4.5
332.9968,-4.5
333.1968,-4.5
333.3968,-4.5
333.5968,-4.5
333.7968,-4.5
333.9968,-4.5
334.1968,-4.5
334.3968,-4.5
334.5968,-4.5
334.7968,-4.5
334.9968,-4.5
335.1968,-4.5
335.3968,-4.5
335.5968,-4.5
335.7968,-4.5
335.9968,-4.5
336.1968,-4.5
336.3968,-4.5
336.5968,-4.5
336.7968,-4.5
336.9968,-4.5
337.1968,-4.5
337.3968,-4.5
337.5958,-4.5
337.7958,-4.5
337.9958,-4.5
338.1958,-4.5
338.3958,-4.5
338.5958,-4.5
338.7958,-4.5
338.9958,-4.5
339.1958,-4.5
339.3958,-4.5
339.5958,-4.5
339.7958,-4.5
339.9958,-4.5
340.1958,-4.5
340.3958,-4.5
340.5968,-4.5
340.7958,-4.5
340.9968,-4.5
341.1968,-4.5
341.3968,-4.5
341.5968,-4.5
341.7968,-4.5
341.9958,-4.5
342.1958,-4.5
342.3958,-4.5
342.5958,-4.5
342.7958,-4.5
342.9958,-4.5
343.1958,-4.5
343.3958,-4.5
343.5958,-4.5
343.7958,-4.5
343.9958,-4.5
344.1968,-4.5
344.3968,-4.5
344.5958,-4.5
344.7958,-4.5
344.9968,-4.5
345.1958,-4.5
345.3958,-4.5
345.5958,-4.5
345.7958,-4.5
345.9958,-4.5
346.1958,-4.5
346.3958,-4.5
346.5958,-4.5
346.7958,-4.5
346.9958,-4.5
347.1968,-4.5
347.3958,-4.5
347.5958,-4.5
347.7958,-4.5
347.9958,-4.5
348.1958,-4.5
348.3958,-4.5
348.5958,-4.5
348.7958,-4.5
348.9958,-4.5
349.1958,-4.5
349.3958,-4.5
349.5958,-4.5
349.7958,-4.5
349.9958,-4.5
350.1958,-4.5
350.3958,-4.5
350.5958,-4.5
350.7958,-4.5
350.9958,-4.5
351.1958,-4.5
351.3958,-4.5
351.5958,-4.5
351.7958,-4.5
351.9958,-4.5
352.1958,-4.5
352.3958,-4.5
352.5958,-4.5
352.7958,-4.5
352.9958,-4.5
353.1958,-4.5
353.3958,-4.5
353.5958,-4.5
353.7958,-4.5
353.9958,-4.5
354.1958,-4.5
354.3958,-4.5
354.5958,-4.5
354.7958,-4.5
354.9958,-4.5
355.1958,-4.5
355.3958,-4.5
355.5958,-4.5
355.7958,-4.5
355.9958,-4.5
356.1958,-4.5
356.3958,-4.5
356.5958,-4.5
356.7958,-4.5
356.9958,-4.5
357.1958,-4.5
357.3958,-4.5
357.5958,-4.5
357.7958,-4.5
357.9958,-4.5
358.1958,-4.5
358.3958,-4.5
358.5958,-4.5
358.7958,-4.5
358.9958,-4.5
359.1958,-4.5
359.3958,-4.5
359.5958,-4.5
359.7958,-4.5
359.9958,-4.5
360.1958,-4.5
360.3958,-4.5
360.5958,-4.5
360.7958,-4.5
360.9958,-4.5
361.1958,-4.5
361.3958,-4.5
361.5958,-4.5
361.7958,-4.5
361.9958,-4.5
362.1958,-4.5
362.3958,-4.5
362.5958,-4.5
362.7958,-4.5
362.9958,-4.5
363.1958,-4.5
363.3958,-4.5
363.5958,-4.5
363.7958,-4.5
363.9958,-4.5
364.1958,-4.5
364.3958,-4.5
364.5958,-4.5
364.7958,-4.5
364.9958,-4.5
365.1958,-4.5
365.3958,-4.5
365.5958,-4.5
365.7958,-4.5
365.9958,-4.5
366.1958,-4.5
366.3958,-4.5
366.5958,-4.5
366.7958,-4.5
366.9958,-4.5
367.1958,-4.5
367.3958,-4.5
367.5958,-4.5
367.7958,-4.5
367.9958,-4.5
368.1958,-4.5
368.3958,-4.5
368.5958,-4.5
368.7958,-4.5
368.9958,-4.5
369.1958,-4.5
369.3958,-4.5
369.5958,-4.5
369.7958,-4.5
369.9958,-4.5
370.1958,-4.5
370.3958,-4.5
370.5958,-4.5
370.7958,-4.5
370.9958,-4.5
371.1958,-4.5
371.3958,-4.5
371.5958,-4.5
371.7958,-4.5
371.9958,-4.5
372.1958,-4.5
372.3958,-4.5
372.5958,-4.5
372.7958,-4.5
372.9958,-4.5
373.1958,-4.5
373.3958,-4.5
373.5958,-4.5
373.7958,-4.5
373.9958,-4.5
374.1958,-4.5
374.3958,-4.5
374.5958,-4.5
374.7958,-4.5
374.9958,-4.5
375.1958,-4.5
375.3958,-4.5
375.5958,-4.5
375.7958,-4.5
375.9958,-4.5
376.1958,-4.5
376.3958,-4.5
376.5958,-4.5
376.7958,-4.5
376.9958,-4.5
377.1958,-4.5
377.3958,-4.5
377.5958,-4.5
377.7958,-4.5
377.9958,-4.5
378.1958,-4.5
378.3958,-4.5
378.5958,-4.5
378.7958,-4.5
378.9958,-4.5
379.1958,-4.5
379.3958,-4.5
379.5958,-4.5
379.7958,-4.5
379.9958,-4.5
380.1958,-4.5
380.3958,-4.5
380.5958,-4.5
380.7958,-4.5
380.9958,-4.5
381.1958,-4.5
381.3958,-4.5
381.5958,-4.5
381.7958,-4.5
381.9958,-4.5
382.1958,-4.5
382.3958,-4.5
382.5958,-4.5
382.7958,-4.5
382.9958,-4.5
383.1958,-4.5
383.3958,-4.5
383.5958,-4.5
383.7958,-4.5
383.9958,-4.5
384.1958,-4.5
384.3958,-4.5
384.5958,-4.5
384.7958,-4.5
384.9958,-4.5
385.1958,-4.5
385.3958,-4.5
385.5958,-4.5
385.7958,-4.5
385.9958,-4.5
386.1958,-4.5
386.3958,-4.5
386.5958,-4.5
386.7958,-4.5
386.9958,-4.5
387.1958,-4.5
387.3958,-4.5
387.5958,-4.5
387.7958,-4.5
387.9958,-4.5
388.1958,-4.5
388.3958,-4.5
388.5958,-4.5
388.7958,-4.5
388.9958,-4.5
389.1958,-4.5
389.3958,-4.5
389.5958,-4.5
389.7958,-4.5
389.9958,-4.5
390.1958,-4.5
390.3958,-4.5
390.5958,-4.5
390.7958,-4.5
390.9958,-4.5
391.1958,-4.5
391.3958,-4.5
391.5958,-4.5
391.7958,-4.5
391.9958,-4.5
392.1958,-4.5
392.3958,-4.5
392.5958,-4.5
392.7958,-4.5
392.9958,-4.5
393.1958,-4.5
393.3958,-4.5
393.5958,-4.5
393.7958,-4.5
393.9958,-4.5
394.1958,-4.5
394.3958,-4.5
394.5958,-4.5
394.7958,-4.5
394.9958,-4.5
395.1958,-4.5
395.3958,-4.5
395.5958,-4.5
395.7958,-4.5
395.9958,-4.5
396.1958,-4.5
396.3958,-4.5
396.5958,-4.5
396.7958,-4.5
396.9958,-4.5
397.1958,-4.5
397.3958,-4.5
397.5958,-4.5
397.7958,-4.5
397.9958,-4.5
398.1958,-4.5
398.3958,-4.5
398.5958,-4.5
398.7958,-4.5
398.9958,-4.5
399.1958,-4.5
399.3958,-4.5
399.5958,-4.5
399.7948,-4.5
399.9948,-4.5
400.1948,-4.5
400.3948,-4.5
400.5948,-4.5
400.7948,-4.5
400.9948,-4.5
401.1948,-4.5
401.3948,-4.5
401.5948,-4.5
401.7948,-4.5
401.9948,-4.5
402.1958,-4.5
402.3958,-4.5
402.5958,-4.5
402.7958,-4.5
402.9958,-4.5
403.1958,-4.5
403.3958,-4.5
403.5958,-4.5
403.7958,-4.5
403.9958,-4.5
404.1948,-4.5
404.3948,-4.5
404.5948,-4.5
404.7948,-4.5
404.9948,-4.5
405.1948,-4.5
405.3958,-4.5
405.5958,-4.5
405.7958,-4.5
405.9958,-4.5
406.1958,-4.5
406.3958,-4.5
406.5958,-4.5
406.7948,-4.5
406.9948,-4.5
407.1948,-4.5
407.3948,-4.5
407.5948,-4.5
407.7948,-4.5
407.9948,-4.5
408.1958,-4.5
408.3948,-4.5
408.5948,-4.5
408.7948,-4.5
408.9948,-4.5
409.1948,-4.5
409.3948,-4.5
409.5948,-4.5
409.7948,-4.5
409.9948,-4.5
410.1948,-4.5
410.3948,-4.5
410.5948,-4.5
410.7948,-4.5
410.9948,-4.5
411.1948,-4.5
411.3948,-4.5
411.5948,-4.5
411.7948,-4.5
411.9948,-4.5
412.1948,-4.5
412.3948,-4.5
412.5948,-4.5
412.7948,-4.5
412.9948,-4.5
413.1948,-4.5
413.3948,-4.5
413.5948,-4.5
413.7948,-4.5
413.9948,-4.5
414.1948,-4.5
414.3948,-4.5
414.5948,-4.5
414.7948,-4.5
414.9948,-4.5
415.1948,-4.5
415.3948,-4.5
415.5948,-4.5
415.7948,-4.5
415.9948,-4.5
416.1948,-4.5
416.3948,-4.5
416.5948,-4.5
416.7948,-4.5
416.9948,-4.5
417.1958,-4.5
417.3948,-4.5
417.5948,-4.5
417.7948,-4.5
417.9948,-4.5
418.1948,-4.5
418.3948,-4.5
418.5948,-4.5
418.7948,-4.5
418.9948,-4.5
419.1948,-4.5
419.3948,-4.5
419.5948,-4.5
419.7948,-4.5
419.9948,-4.5
420.1948,-4.5
420.3948,-4.5
420.5948,-4.5
420.7948,-4.5
420.9948,-4.5
421.1948,-4.5
421.3948,-4.5
421.5948,-4.5
421.7948,-4.5
421.9948,-4.5
422.1948,-4.5
422.3948,-4.5
422.5948,-4.5
422.7948,-4.5
422.9948,-4.5
423.1948,-4.5
423.3948,-4.5
423.5948,-4.5
423.7948,-4.5
423.9948,-4.5
424.1948,-4.5
424.3948,-4.5
424.5948,-4.5
424.7948,-4.5
424.9948,-4.5
425.1948,-4.5
425.3948,-4.5
425.5948,-4.5
425.7948,-4.5
425.9948,-4.5
426.1948,-4.5
426.3948,-4.5
426.5948,-4.5
426.7948,-4.5
426.9948,-4.5
427.1948,-4.5
427.3948,-4.5
427.5948,-4.5
427.7948,-4.5
427.9948,-4.5
428.1948,-4.5
428.3948,-4.5
428.5948,-4.5
428.7948,-4.5
428.9948,-4.5
429.1948,-4.5
429.3948,-4.5
429.5948,-4.5
429.7948,-4.5
429.9948,-4.5
430.1948,-4.5
430.3948,-4.5
430.5948,-4.5
430.7948,-4.5
430.9948,-4.5
431.1948,-4.5
431.3948,-4.5
431.5948,-4.5
431.7948,-4.5
431.9948,-4.5
432.1948,-4.5
432.3948,-4.5
432.5948,-4.5
432.7948,-4.5
432.9948,-4.5
433.1948,-4.5
433.3948,-4.5
433.5948,-4.5
433.7948,-4.5
433.9948,-4.5
434.1948,-4.5
434.3948,-4.5
434.5948,-4.5
434.7948,-4.5
434.9948,-4.5
435.1948,-4.5
435.3948,-4.5
435.5948,-4.5
435.7948,-4.5
435.9948,-4.5
436.1948,-4.5
436.3948,-4.5
436.5948,-4.5
436.7948,-4.5
436.9948,-4.5
437.1948,-4.5
437.3948,-4.5
437.5948,-4.5
437.7948,-4.5
437.9948,-4.5
438.1948,-4.5
438.3948,-4.5
438.5948,-4.5
438.7948,-4.5
438.9948,-4.5
439.1948,-4.5
439.3948,-4.5
439.5948,-4.5
439.7948,-4.5
439.9948,-4.5
440.1948,-4.5
440.3948,-4.5
440.5948,-4.5
440.7948,-4.5
440.9948,-4.5
441.1948,-4.5
441.3948,-4.5
441.5948,-4.5
441.7948,-4.5
441.9948,-4.5
442.1948,-4.5
442.3948,-4.5
442.5948,-4.5
442.7948,-4.5
442.9948,-4.5
443.1948,-4.5
443.3948,-4.5
443.5948,-4.5
443.7948,-4.5
443.9948,-4.5
444.1948,-4.5
444.3948,-4.5
444.5948,-4.5
444.7948,-4.5
444.9948,-4.5
445.1948,-4.5
445.3948,-4.5
445.5948,-4.5
445.7948,-4.5
445.9948,-4.5
446.1948,-4.5
446.3948,-4.5
446.5948,-4.5
446.7948,-4.5
446.9948,-4.5
447.1948,-4.5
447.3948,-4.5
447.5948,-4.5
447.7948,-4.5
447.9948,-4.5
448.1948,-4.5
448.3948,-4.5
448.5948,-4.5
448.7948,-4.5
448.9948,-4.5
449.1948,-4.5
449.3948,-4.5
449.5948,-4.5
449.7948,-4.5
449.9948,-4.5
450.1948,-4.5
450.3948,-4.5
450.5948,-4.5
450.7948,-4.5
450.9948,-4.5
451.1948,-4.5
451.3948,-4.5
451.5948,-4.5
451.7948,-4.5
451.9948,-4.5
452.1948,-4.5
452.3948,-4.5
452.5948,-4.5
452.7948,-4.5
452.9948,-4.5
453.1948,-4.5
453.3948,-4.5
453.5948,-4.5
453.7948,-4.5
453.9948,-4.5
454.1948,-4.5
454.3948,-4.5
454.5948,-4.5
454.7948,-4.5
454.9948,-4.5
455.1948,-4.5
455.3948,-4.5
455.5948,-4.5
455.7948,-4.5
455.9948,-4.5
456.1948,-4.5
456.3948,-4.5
456.5948,-4.5
456.7948,-4.5
456.9948,-4.5
457.1948,-4.5
457.3948,-4.5
457.5948,-4.5
457.7948,-4.5
457.9948,-4.5
458.1948,-4.5
458.3948,-4.5
458.5948,-4.5
458.7948,-4.5
458.9948,-4.5
459.1948,-4.5
459.3948,-4.5
459.5948,-4.5
459.7948,-4.5
459.9948,-4.5
460.1948,-4.5
460.3948,-4.5
460.5948,-4.5
460.7948,-4.5
460.9948,-4.5
461.1948,-4.5
461.3948,-4.5
461.5938,-4.5
461.7938,-4.5
461.9938,-4.5
462.1938,-4.5
462.3938,-4.5
462.5948,-4.5
462.7938,-4.5
462.9938,-4.5
463.1948,-4.5
463.3948,-4.5
463.5948,-4.5
463.7948,-4.5
463.9948,-4.5
464.1938,-4.5
464.3938,-4.5
464.5948,-4.5
464.7938,-4.5
464.9938,-4.5
465.1938,-4.5
465.3938,-4.5
465.5938,-4.5
465.7938,-4.5
465.9938,-4.5
466.1938,-4.5
466.3948,-4.5
466.5938,-4.5
466.7938,-4.5
466.9948,-4.5
467.1938,-4.5
467.3938,-4.5
467.5938,-4.5
467.7938,-4.5
467.9938,-4.5
468.1938,-4.5
468.3938,-4.5
468.5938,-4.5
468.7938,-4.5
468.9938,-4.5
469.1938,-4.5
469.3938,-4.5
469.5938,-4.5
469.7938,-4.5
469.9938,-4.5
470.1938,-4.5
470.3938,-4.5
470.5938,-4.5
470.7938,-4.5
470.9938,-4.5
471.1938,-4.5
471.3938,-4.5
471.5938,-4.5
471.7938,-4.5
471.9938,-4.5
472.1938,-4.5
472.3938,-4.5
472.5938,-4.5
472.7938,-4.5
472.9938,-4.5
473.1938,-4.5
473.3938,-4.5
473.5938,-4.5
473.7938,-4.5
473.9938,-4.5
474.1938,-4.5
474.3938,-4.5
474.5938,-4.5
474.7938,-4.5
474.9938,-4.5
475.1938,-4.5
475.3938,-4.5
475.5938,-4.5
475.7938,-4.5
475.9938,-4.5
476.1938,-4.5
476.3938,-4.5
476.5938,-4.5
476.7938,-4.5
476.9938,-4.5
477.1938,-4.5
477.3938,-4.5
477.5938,-4.5
477.7938,-4.5
477.9938,-4.5
478.1938,-4.5
478.3938,-4.5
478.5938,-4.5
478.7938,-4.5
478.9938,-4.5
479.1938,-4.5
479.3938,-4.5
479.5938,-4.5
479.7938,-4.5
479.9938,-4.5
480.1938,-4.5
480.3938,-4.5
480.5938,-4.5
480.7938,-4.5
480.9938,-5
481.1938,-5
481.3938,-5
481.5938,-5
481.7938,-5
481.9938,-5
482.1938,-5
482.3938,-5
482.5938,-5
482.7938,-5
482.9938,-5
483.1938,-5
483.3938,-5
483.5938,-5
483.7938,-5
483.9938,-5
484.1938,-5
484.3938,-5
484.5938,-5
484.7938,-5
484.9938,-5
485.1938,-5
485.3938,-5
485.5938,-5
485.7938,-5
485.9938,-5
486.1938,-5
486.3938,-5
486.5938,-5
486.7938,-5
486.9938,-5
487.1938,-5
487.3938,-5
487.5938,-5
487.7938,-5
487.9938,-5
488.1938,-5
488.3938,-5
488.5938,-5
488.7938,-5
488.9938,-5
489.1938,-5
489.3938,-5
489.5938,-5
489.7938,-5
489.9938,-5
490.1938,-5
490.3938,-5
490.5938,-5
490.7938,-5
490.9938,-5
491.1938,-5
491.3938,-5
491.5938,-5
491.7938,-5
491.9938,-5
492.1938,-5
492.3938,-5
492.5938,-5
492.7938,-5
492.9938,-5
493.1938,-5
493.3938,-5
493.5938,-5
493.7938,-5
493.9938,-5
494.1938,-5
494.3938,-5
494.5938,-5
494.7938,-5
494.9938,-5
495.1938,-5
495.3938,-5
495.5938,-5
495.7938,-5
495.9938,-5
496.1938,-5
496.3938,-5
496.5938,-5
496.7938,-5
496.9938,-5
497.1938,-5
497.3938,-5
497.5938,-5
497.7938,-5
497.9938,-5
498.1938,-5
498.3938,-5
498.5938,-5
498.7938,-5
498.9938,-5
499.1938,-5
499.3938,-5
499.5938,-5
499.7938,-5
499.9938,-5
500.1938,-5
500.3938,-5
500.5938,-5
500.7938,-5
500.9938,-5
501.1938,-5
501.3938,-5
501.5938,-5
501.7938,-5
501.9938,-5
502.1938,-5
502.3938,-5
502.5938,-5
502.7938,-5
502.9938,-5
503.1938,-5
503.3938,-5
503.5938,-5
503.7938,-5
503.9938,-5
504.1938,-5
504.3938,-5
504.5938,-5
504.7938,-5
504.9938,-5
505.1938,-5
505.3938,-5
505.5938,-5
505.7938,-5
505.9938,-5
506.1938,-5
506.3938,-5
506.5938,-5
506.7938,-5
506.9938,-5
507.1938,-5
507.3938,-5
507.5938,-5
507.7938,-5
507.9938,-5
508.1938,-5
508.3938,-5
508.5938,-5
508.7938,-5
508.9938,-5
509.1938,-5
509.3938,-5
509.5938,-5
509.7938,-5
509.9938,-5
510.1938,-5
510.3938,-5
510.5938,-5
510.7938,-5
510.9938,-5
511.1938,-5
511.3938,-5
511.5938,-5
511.7938,-5
511.9938,-5
512.1938,-5
512.3938,-5
512.5938,-5
512.7938,-5
512.9938,-5
513.1938,-5
513.3938,-5
513.5938,-5
513.7938,-5
513.9938,-5
514.1938,-5
514.3938,-5
514.5938,-5
514.7938,-5
514.9938,-5
515.1938,-5
515.3938,-5
515.5938,-5
515.7938,-5
515.9938,-5
516.1938,-5
516.3938,-5
516.5938,-5
516.7938,-5
516.9938,-5
517.1938,-5
517.3938,-5
517.5938,-5
517.7938,-5
517.9938,-5
518.1938,-5
518.3938,-5
518.5938,-5
518.7938,-5
518.9938,-5
519.1938,-5
519.3938,-5
519.5938,-5
519.7938,-5
519.9938,-5
520.1938,-5
520.3938,-5
520.5938,-5
520.7938,-5
520.9938,-5
521.1938,-5
521.3938,-5
521.5938,-5
521.7938,-5
521.9938,-5
522.1938,-5
522.3928,-5
522.5938,-5
522.7938,-5
522.9928,-5
523.1928,-5
523.3928,-5
523.5928,-5
523.7928,-5
523.9928,-5
524.1938,-5
524.3938,-5
524.5938,-5
524.7938,-5
524.9938,-5
525.1928,-5
525.3928,-5
525.5928,-5
525.7928,-5
525.9928,-5
526.1928,-5
526.3928,-5
526.5928,-5
526.7928,-5
526.9928,-5
527.1928,-5
527.3938,-5
527.5938,-5
527.7928,-5
527.9938,-5
528.1928,-5
528.3928,-5
528.5928,-5
528.7928,-5
528.9928,-5
529.1928,-5
529.3928,-5
529.5928,-5
529.7928,-5
529.9928,-5
530.1928,-5
530.3928,-5
530.5938,-5
530.7938,-5
530.9928,-5
531.1928,-5
531.3928,-5
531.5928,-5
531.7928,-5
531.9928,-5
532.1928,-5
532.3928,-5
532.5928,-5
532.7928,-5
532.9928,-5
533.1928,-5
533.3928,-5
533.5928,-5
533.7928,-5
533.9928,-5
534.1928,-5
534.3928,-5
534.5928,-5
534.7928,-5
534.9928,-5
535.1928,-5
535.3928,-5
535.5928,-5
535.7928,-5
535.9928,-5
536.1928,-5
536.3928,-5
536.5928,-5
536.7928,-5
536.9928,-5
537.1928,-5
537.3928,-5
537.5928,-5
537.7928,-5
537.9928,-5
538.1928,-5
538.3928,-5
538.5928,-5
538.7928,-5
538.9928,-5
539.1928,-5
539.3928,-5
539.5928,-5
539.7928,-5
539.9928,-5
540.1928,-5
540.3928,-5
540.5928,-5
540.7928,-5
540.9928,-5
541.1928,-5
541.3928,-5
541.5928,-5
541.7928,-5
541.9928,-5
542.1938,-5
542.3928,-5
542.5928,-5
542.7928,-5
542.9928,-5
543.1928,-5
543.3928,-5
543.5928,-5
543.7928,-5
543.9928,-5
544.1928,-5
544.3928,-5
544.5928,-5
544.7928,-5
544.9928,-5
545.1928,-5
545.3928,-5
545.5938,-5
545.7938,-5
545.9928,-5
546.1928,-5
546.3928,-5
546.5928,-5
546.7928,-5
546.9928,-5
547.1928,-5
547.3928,-5
547.5928,-5
547.7928,-5
547.9928,-5
548.1928,-5
548.3928,-5
548.5928,-5
548.7928,-5
548.9928,-5
549.1928,-5
549.3928,-5
549.5928,-5
549.7928,-5
549.9928,-5
550.1928,-5
550.3928,-5
550.5928,-5
550.7928,-5
550.9928,-5
551.1928,-5
551.3928,-5
551.5928,-5
551.7928,-5
551.9928,-5
552.1928,-5
552.3928,-5
552.5928,-5
552.7928,-5
552.9928,-5
553.1928,-5
553.3928,-5
553.5928,-5
553.7938,-5
553.9928,-5
554.1928,-5
554.3928,-5
554.5928,-5
554.7928,-5
554.9928,-5
555.1928,-5
555.3928,-5
555.5928,-5
555.7928,-5
555.9928,-5
556.1928,-5
556.3928,-5
556.5928,-5
556.7928,-5
556.9928,-5
557.1928,-5
557.3928,-5
557.5928,-5
557.7928,-5
557.9928,-5
558.1928,-5
558.3928,-5
558.5928,-5
558.7928,-5
558.9928,-5
559.1928,-5
559.3928,-5
559.5928,-5
559.7928,-5
559.9928,-5
560.1928,-5
560.3928,-5
560.5928,-5
560.7928,-5
560.9928,-5
561.1928,-5
561.3928,-5
561.5928,-5
561.7928,-5
561.9928,-5
562.1928,-5
562.3928,-5
562.5928,-5
562.7928,-5
562.9928,-5
563.1928,-5
563.3928,-5
563.5928,-5
563.7928,-5
563.9928,-5
564.1928,-5
564.3928,-5
564.5928,-5
564.7928,-5
564.9928,-5
565.1928,-5
565.3928,-5
565.5928,-5
565.7928,-5
565.9928,-5
566.1928,-5
566.3928,-5
566.5928,-5
566.7928,-5
566.9928,-5
567.1928,-5
567.3928,-5
567.5928,-5
567.7928,-5
567.9928,-5
568.1928,-5
568.3928,-5
568.5928,-5
568.7928,-5
568.9928,-5
569.1928,-5
569.3928,-5
569.5928,-5
569.7928,-5
569.9928,-5
570.1928,-5
570.3928,-5
570.5928,-5
570.7928,-5
570.9928,-5
571.1928,-5
571.3928,-5
571.5928,-5
571.7928,-5
571.9928,-5
572.1928,-5
572.3928,-5
572.5928,-5
572.7928,-5
572.9928,-5
573.1928,-5
573.3928,-5
573.5928,-5
573.7928,-5
573.9928,-5
574.1928,-5
574.3928,-5
574.5928,-5
574.7928,-5
574.9928,-5
575.1928,-5
575.3928,-5
575.5928,-5
575.7928,-5
575.9928,-5
576.1928,-5
576.3928,-5
576.5928,-5
576.7928,-5
576.9928,-5
577.1928,-5
577.3928,-5
577.5928,-5
577.7928,-5
577.9928,-5
578.1928,-5
578.3928,-5
578.5928,-5
578.7928,-5
578.9928,-5
579.1928,-5
579.3928,-5
579.5928,-5
579.7928,-5
579.9928,-5
580.1928,-5
580.3928,-5
580.5928,-5
580.7928,-5
580.9928,-5
581.1928,-5
581.3928,-5
581.5928,-5
581.7928,-5
581.9928,-5
582.1928,-5
582.3928,-5
582.5928,-5
582.7918,-5
582.9918,-5
583.1918,-5
583.3918,-5
583.5918,-5
583.7918,-5
583.9918,-5
584.1918,-5
584.3918,-5
584.5918,-5
584.7928,-5
584.9918,-5
585.1928,-5
585.3918,-5
585.5928,-5
585.7928,-5
585.9928,-5
586.1918,-5
586.3918,-5
586.5918,-5
586.7918,-5
586.9918,-5
587.1918,-5
587.3918,-5
587.5918,-5
587.7918,-5
587.9918,-5
588.1928,-5
588.3928,-5
588.5928,-5
588.7918,-5
588.9918,-5
589.1918,-5
589.3918,-5
589.5918,-5
589.7918,-5
589.9918,-5
590.1918,-5
590.3918,-5
590.5918,-5
590.7918,-5
590.9918,-5
591.1928,-5
591.3918,-5
591.5918,-5
591.7918,-5
591.9918,-5
592.1918,-5
592.3918,-5
592.5918,-5
592.7918,-5
592.9918,-5
593.1918,-5
593.3918,-5
593.5918,-5
593.7918,-5.5
593.9918,-5.5
594.1918,-5.5
594.3918,-5.5
594.5918,-5.5
594.7918,-5.5
594.9918,-5.5
595.1918,-5.5
595.3918,-5.5
595.5918,-5.5
595.7918,-5.5
595.9918,-5.5
596.1918,-5.5
596.3918,-5.5
596.5918,-5.5
596.7918,-5.5
596.9918,-5.5
597.1918,-5.5
597.3918,-5.5
597.5918,-5.5
597.7918,-5.5
597.9918,-5.5
598.1918,-5.5
598.3918,-5.5
598.5918,-5.5
598.7918,-5.5
598.9918,-5.5
599.1918,-5.5
599.3918,-5.5
599.5918,-5.5
599.7918,-5.5
599.9918,-5.5
600.1918,-5.5
600.3928,-5.5
600.5918,-5.5
600.7918,-5.5
600.9918,-5.5
601.1918,-5.5
601.3918,-5.5
601.5918,-5.5
601.7918,-5.5
601.9918,-5.5
602.1918,-5.5
602.3918,-5.5
602.5918,-5.5
602.7918,-5.5
602.9918,-5.5
603.1918,-5.5
603.3918,-5.5
603.5918,-5.5
603.7918,-5.5
603.9918,-5.5
604.1918,-5.5
604.3918,-5.5
604.5918,-5.5
604.7918,-5.5
604.9918,-5.5
605.1918,-5.5
605.3918,-5.5
605.5918,-5.5
605.7918,-5.5
605.9918,-5.5
606.1918,-5.5
606.3918,-5.5
606.5918,-5.5
606.7918,-5.5
606.9918,-5.5
607.1918,-5.5
607.3918,-5.5
607.5918,-5.5
607.7918,-5.5
607.9918,-5.5
608.1918,-5.5
608.3918,-5.5
608.5918,-5.5
608.7918,-5.5
608.9918,-5.5
609.1918,-5.5
609.3918,-5.5
609.5918,-5.5
609.7918,-5.5
609.9918,-5.5
610.1918,-5.5
610.3918,-5.5
610.5918,-5.5
610.7918,-5.5
610.9918,-5.5
611.1918,-5.5
611.3918,-5.5
611.5918,-5.5
611.7918,-5.5
611.9918,-5.5
612.1918,-5.5
612.3918,-5.5
612.5918,-5.5
612.7918,-5.5
612.9918,-5.5
613.1918,-5.5
613.3918,-5.5
613.5918,-5.5
613.7918,-5.5
613.9918,-5.5
614.1918,-5.5
614.3918,-5.5
614.5918,-5.5
614.7918,-5.5
614.9918,-5.5
615.1918,-5.5
615.3918,-5.5
615.5918,-5.5
615.7918,-5.5
615.9918,-5.5
616.1918,-5.5
616.3918,-5.5
616.5918,-5.5
616.7918,-5.5
616.9918,-5.5
617.1918,-5.5
617.3918,-5.5
617.5918,-5.5
617.7918,-5.5
617.9918,-5.5
618.1918,-5.5
618.3918,-5.5
618.5918,-5.5
618.7918,-5.5
618.9918,-5.5
619.1918,-5.5
619.3918,-5.5
619.5918,-5.5
619.7918,-5.5
619.9918,-5.5
620.1918,-5.5
620.3918,-5.5
620.5918,-5.5
620.7918,-5.5
620.9918,-5.5
621.1918,-5.5
621.3918,-5.5
621.5918,-5.5
621.7918,-5.5
621.9918,-5.5
622.1918,-5.5
622.3918,-5.5
622.5918,-5.5
622.7918,-5.5
622.9918,-5.5
623.1918,-5.5
623.3918,-5.5
623.5918,-5.5
623.7918,-5.5
623.9918,-5.5
624.1918,-5.5
624.3918,-5.5
624.5918,-5.5
624.7918,-5.5
624.9918,-5.5
625.1918,-5.5
625.3918,-5.5
625.5918,-5.5
625.7918,-5.5
625.9918,-5.5
626.1918,-5.5
626.3918,-5.5
626.5918,-5.5
626.7918,-5.5
626.9918,-5.5
627.1918,-5.5
627.3918,-5.5
627.5918,-5.5
627.7918,-5.5
627.9918,-5.5
628.1918,-5.5
628.3918,-5.5
628.5918,-5.5
628.7918,-5.5
628.9918,-5.5
629.1918,-5.5
629.3918,-5.5
629.5918,-5.5
629.7918,-5.5
629.9918,-5.5
630.1918,-5.5
630.3918,-5.5
630.5918,-5.5
630.7918,-5.5
630.9918,-5.5
631.1918,-5.5
631.3918,-5.5
631.5918,-5.5
631.7918,-5.5
631.9918,-5.5
632.1918,-5.5
632.3918,-5.5
632.5918,-5.5
632.7918,-5.5
632.9918,-5.5
633.1918,-5.5
633.3918,-5.5
633.5918,-5.5
633.7918,-5.5
633.9918,-5.5
634.1918,-5.5
634.3918,-5.5
634.5918,-5.5
634.7918,-5.5
634.9918,-5.5
635.1918,-5.5
635.3918,-5.5
635.5918,-5.5
635.7918,-5.5
635.9918,-5.5
636.1918,-5.5
636.3918,-5.5
636.5918,-5.5
636.7918,-5.5
636.9918,-5.5
637.1918,-5.5
637.3918,-5.5
637.5918,-5.5
637.7918,-5.5
637.9918,-5.5
638.1918,-5.5
638.3918,-5.5
638.5918,-5.5
638.7918,-5.5
638.9918,-5.5
639.1918,-5.5
639.3918,-5.5
639.5918,-5.5
639.7918,-5.5
639.9918,-5.5
640.1918,-5.5
640.3918,-5.5
640.5918,-5.5
640.7918,-5.5
640.9918,-5.5
641.1918,-5.5
641.3918,-5.5
641.5918,-5.5
641.7918,-5.5
641.9918,-5.5
642.1918,-5.5
642.3918,-5.5
642.5918,-5.5
642.7918,-5.5
642.9908,-5.5
643.1908,-5.5
643.3908,-5.5
643.5908,-5.5
643.7908,-5.5
643.9908,-5.5
644.1908,-5.5
644.3908,-5.5
644.5908,-5.5
644.7908,-5.5
644.9908,-5.5
645.1908,-5.5
645.3908,-5.5
645.5908,-5.5
645.7908,-5.5
645.9908,-5.5
646.1918,-5.5
646.3908,-5.5
646.5918,-5.5
646.7918,-5.5
646.9918,-5.5
647.1908,-5.5
647.3908,-5.5
647.5908,-5.5
647.7908,-5.5
647.9908,-5.5
648.1908,-5.5
648.3908,-5.5
648.5908,-5.5
648.7908,-5.5
648.9908,-5.5
649.1918,-5.5
649.3908,-5.5
649.5908,-5.5
649.7908,-5.5
649.9908,-5.5
650.1908,-5.5
650.3908,-5.5
650.5908,-5.5
650.7908,-5.5
650.9908,-5.5
651.1908,-5.5
651.3908,-5.5
651.5908,-5.5
651.7908,-5.5
651.9908,-5.5
652.1918,-5.5
652.3908,-5.5
652.5908,-5.5
652.7908,-5.5
652.9908,-5.5
653.1908,-5.5
653.3908,-5.5
653.5908,-5.5
653.7908,-5.5
653.9908,-5.5
654.1908,-5.5
654.3908,-5.5
654.5908,-5.5
654.7908,-5.5
654.9908,-5.5
655.1908,-5.5
655.3908,-5.5
655.5908,-5.5
655.7908,-5.5
655.9908,-5.5
656.1908,-5.5
656.3908,-5.5
656.5908,-5.5
656.7908,-5.5
656.9908,-5.5
657.1908,-5.5
657.3908,-5.5
657.5908,-5.5
657.7908,-5.5
657.9908,-5.5
658.1908,-5.5
658.3908,-5.5
658.5908,-5.5
658.7908,-5.5
658.9908,-5.5
659.1908,-5.5
659.3908,-5.5
659.5908,-5.5
659.7908,-5.5
659.9908,-5.5
660.1908,-5.5
660.3908,-5.5
660.5908,-5.5
660.7908,-5.5
660.9908,-5.5
661.1908,-5.5
661.3908,-5.5
661.5908,-5.5
661.7908,-5.5
661.9908,-5.5
662.1908,-5.5
662.3908,-5.5
662.5908,-5.5
662.7908,-5.5
662.9908,-5.5
663.1908,-5.5
663.3908,-5.5
663.5908,-5.5
663.7908,-5.5
663.9908,-5.5
664.1908,-5.5
664.3908,-5.5
664.5908,-5.5
664.7908,-5.5
664.9908,-5.5
665.1908,-5.5
665.3908,-5.5
665.5908,-5.5
665.7908,-5.5
665.9908,-5.5
666.1908,-5.5
666.3908,-5.5
666.5908,-5.5
666.7908,-5.5
666.9908,-5.5
667.1908,-5.5
667.3908,-5.5
667.5908,-5.5
667.7908,-5.5
667.9908,-5.5
668.1908,-5.5
668.3908,-5.5
668.5908,-5.5
668.7908,-5.5
668.9908,-5.5
669.1908,-5.5
669.3908,-5.5
669.5908,-5.5
669.7908,-5.5
669.9908,-5.5
670.1908,-5.5
670.3908,-5.5
670.5908,-5.5
670.7908,-5.5
670.9908,-5.5
671.1908,-5.5
671.3908,-5.5
671.5908,-5.5
671.7908,-5.5
671.9908,-5.5
672.1908,-5.5
672.3908,-5.5
672.5908,-5.5
672.7908,-5.5
672.9908,-5.5
673.1908,-5.5
673.3908,-5.5
673.5908,-5.5
673.7908,-5.5
673.9908,-5.5
674.1908,-5.5
674.3908,-5.5
674.5908,-5.5
674.7908,-5.5
674.9908,-5.5
675.1908,-5.5
675.3908,-5.5
675.5908,-5.5
675.7908,-5.5
675.9908,-5.5
676.1908,-5.5
676.3908,-5.5
676.5908,-5.5
676.7908,-5.5
676.9908,-5.5
677.1908,-5.5
677.3908,-5.5
677.5908,-5.5
677.7908,-5.5
677.9908,-5.5
678.1908,-5.5
678.3908,-5.5
678.5908,-5.5
678.7908,-5.5
678.9908,-5.5
679.1908,-5.5
679.3908,-5.5
679.5908,-5.5
679.7908,-5.5
679.9908,-5.5
680.1908,-5.5
680.3908,-5.5
680.5908,-5.5
680.7908,-5.5
680.9908,-5.5
681.1908,-5.5
681.3908,-5.5
681.5908,-5.5
681.7908,-5.5
681.9908,-5.5
682.1908,-5.5
682.3908,-5.5
682.5908,-5.5
682.7908,-5.5
682.9908,-5.5
683.1908,-5.5
683.3908,-5.5
683.5908,-5.5
683.7908,-5.5
683.9908,-5.5
684.1908,-5.5
684.3908,-5.5
684.5908,-5.5
684.7908,-5.5
684.9908,-5.5
685.1908,-5.5
685.3908,-5.5
685.5908,-5.5
685.7908,-5.5
685.9908,-5.5
686.1908,-5.5
686.3908,-5.5
686.5908,-5.5
686.7908,-5.5
686.9908,-5.5
687.1908,-5.5
687.3908,-5.5
687.5908,-5.5
687.7908,-5.5
687.9908,-5.5
688.1908,-5.5
688.3908,-5.5
688.5908,-5.5
688.7908,-5.5
688.9908,-5.5
689.1908,-5.5
689.3908,-5.5
689.5908,-5.5
689.7908,-5.5
689.9908,-5.5
690.1908,-5.5
690.3908,-5.5
690.5908,-5.5
690.7908,-5.5
690.9908,-5.5
691.1908,-5.5
691.3908,-5.5
691.5908,-5.5
691.7908,-5.5
691.9908,-5.5
692.1908,-5.5
692.3908,-5.5
692.5908,-5.5
692.7908,-5.5
692.9908,-5.5
693.1908,-5.5
693.3908,-5.5
693.5908,-5.5
693.7908,-5.5
693.9908,-5.5
694.1908,-5.5
694.3908,-5.5
694.5908,-5.5
694.7908,-5.5
694.9908,-5.5
695.1908,-5.5
695.3908,-5.5
695.5908,-5.5
695.7908,-5.5
695.9908,-5.5
696.1908,-5.5
696.3908,-5.5
696.5908,-5.5
696.7908,-5.5
696.9908,-5.5
697.1908,-5.5
697.3908,-5.5
697.5908,-5.5
697.7908,-5.5
697.9908,-5.5
698.1908,-5.5
698.3908,-5.5
698.5908,-5.5
698.7908,-5.5
698.9908,-5.5
699.1908,-5.5
699.3908,-5.5
699.5908,-5.5
699.7908,-5.5
699.9908,-5.5
700.1908,-5.5
700.3908,-5.5
700.5908,-5.5
700.7908,-5.5
700.9908,-5.5
701.1908,-5.5
701.3908,-5.5
701.5908,-5.5
701.7908,-5.5
701.9908,-5.5
702.1908,-5.5
702.3908,-5.5
702.5898,-5.5
702.7898,-5.5
702.9898,-5.5
703.1898,-5.5
703.3898,-5.5
703.5898,-5.5
703.7898,-5.5
703.9898,-5.5
704.1898,-5.5
704.3898,-5.5
704.5898,-5.5
704.7898,-5.5
704.9898,-5.5
705.1898,-5.5
705.3898,-5.5
705.5898,-5.5
705.7898,-5.5
705.9898,-5.5
706.1898,-5.5
706.3898,-5.5
706.5898,-5.5
706.7898,-5.5
706.9908,-5.5
707.1908,-5.5
707.3908,-5.5
707.5908,-5.5
707.7908,-5.5
707.9898,-5.5
708.1898,-5.5
708.3898,-5.5
708.5898,-5.5
708.7908,-5.5
708.9898,-5.5
709.1898,-5.5
709.3898,-5.5
709.5898,-5.5
709.7898,-5.5
709.9898,-5.5
710.1908,-5.5
710.3898,-5.5
710.5898,-5.5
710.7898,-5.5
710.9898,-5.5
711.1898,-5.5
711.3898,-5.5
711.5898,-5.5
711.7898,-5.5
711.9898,-5.5
712.1898,-5.5
712.3898,-5.5
712.5898,-5.5
712.7898,-5.5
712.9898,-5.5
713.1898,-5.5
713.3898,-5.5
713.5898,-5.5
713.7898,-5.5
713.9898,-5.5
714.1898,-5.5
714.3898,-5.5
714.5898,-5.5
714.7898,-5.5
714.9898,-5.5
715.1898,-5.5
715.3898,-5.5
715.5898,-5.5
715.7898,-5.5
715.9898,-5.5
716.1898,-5.5
716.3898,-5.5
716.5908,-5.5
716.7898,-5.5
716.9898,-5.5
717.1898,-5.5
717.3898,-5.5
717.5898,-5.5
717.7898,-5.5
717.9898,-5.5
718.1898,-5.5
718.3898,-5.5
718.5898,-5.5
718.7898,-5.5
718.9898,-5.5
719.1898,-5.5
719.3898,-5.5
719.5898,-5.5
719.7898,-5.5
719.9898,-5.5
720.1898,-5.5
720.3898,-5.5
720.5898,-5.5
720.7898,-5.5
720.9898,-5.5
721.1898,-5.5
721.3898,-5.5
721.5898,-5.5
721.7898,-5.5
721.9898,-5.5
722.1898,-5.5
722.3898,-5.5
722.5898,-5.5
722.7898,-5.5
722.9898,-5.5
723.1898,-5.5
723.3898,-5.5
723.5898,-5.5
723.7898,-5.5
723.9898,-5.5
724.1898,-5.5
724.3898,-5.5
724.5898,-5.5
724.7898,-5.5
724.9898,-5.5
725.1898,-5.5
725.3898,-5.5
725.5898,-5.5
725.7898,-5.5
725.9898,-5.5
726.1898,-5.5
726.3898,-5.5
726.5898,-5.5
726.7898,-5.5
726.9898,-5.5
727.1898,-5.5
727.3898,-5.5
727.5898,-5.5
727.7898,-5.5
727.9898,-5.5
728.1898,-5.5
728.3898,-5.5
728.5898,-5.5
728.7898,-5.5
728.9898,-5.5
729.1898,-5.5
729.3898,-5.5
729.5898,-5.5
729.7898,-5.5
729.9898,-5.5
730.1898,-5.5
730.3898,-5.5
730.5898,-5.5
730.7898,-5.5
730.9898,-5.5
731.1898,-5.5
731.3898,-5.5
731.5898,-5.5
731.7898,-5.5
731.9898,-5.5
732.1898,-5.5
732.3898,-5.5
732.5898,-5.5
732.7898,-5.5
732.9898,-5.5
733.1898,-5.5
733.3898,-5.5
733.5898,-5.5
733.7898,-5.5
733.9898,-5.5
734.1898,-5.5
734.3898,-5.5
734.5898,-5.5
734.7898,-5.5
734.9898,-5.5
735.1898,-5.5
735.3898,-5.5
735.5898,-5.5
735.7898,-5.5
735.9898,-5.5
736.1898,-5.5
736.3898,-5.5
736.5898,-5.5
736.7898,-5.5
736.9898,-5.5
737.1898,-5.5
737.3898,-5.5
737.5898,-5.5
737.7898,-5.5
737.9898,-5.5
738.1898,-5.5
738.3898,-5.5
738.5898,-5.5
738.7898,-5.5
738.9898,-5.5
739.1898,-5.5
739.3898,-5.5
739.5898,-5.5
739.7898,-5.5
739.9898,-5.5
740.1898,-5.5
740.3898,-5.5
740.5898,-5.5
740.7898,-5.5
740.9898,-5.5
741.1898,-5.5
741.3898,-5.5
741.5898,-5.5
741.7898,-5.5
741.9898,-5.5
742.1898,-5.5
742.3898,-5.5
742.5898,-5.5
742.7898,-5.5
742.9898,-5.5
743.1898,-5.5
743.3898,-5.5
743.5898,-5.5
743.7898,-5.5
743.9898,-5.5
744.1898,-5.5
744.3898,-5.5
744.5898,-5.5
744.7898,-5.5
744.9898,-5.5
745.1898,-5.5
745.3898,-5.5
745.5898,-6
745.7898,-6
745.9898,-6
746.1898,-6
746.3898,-6
746.5898,-6
746.7898,-6
746.9898,-6
747.1898,-6
747.3898,-6
747.5898,-6
747.7898,-6
747.9898,-6
748.1898,-6
748.3898,-6
748.5898,-6
748.7898,-6
748.9898,-6
749.1898,-6
749.3898,-6
749.5898,-6
749.7898,-6
749.9898,-6
750.1898,-6
750.3898,-6
750.5898,-6
750.7898,-6
750.9898,-6
751.1898,-6
751.3898,-6
751.5898,-6
751.7898,-6
751.9898,-6
752.1898,-6
752.3898,-6
752.5898,-6
752.7898,-6
752.9898,-6
753.1898,-6
753.3898,-6
753.5898,-6
753.7898,-6
753.9898,-6
754.1898,-6
754.3898,-6
754.5898,-6
754.7898,-6
754.9898,-6
755.1898,-6
755.3898,-6
755.5898,-6
755.7898,-6
755.9898,-6
756.1898,-6
756.3898,-6
756.5898,-6
756.7898,-6
756.9898,-6
757.1898,-6
757.3898,-6
757.5898,-6
757.7898,-6
757.9898,-6
758.1898,-6
758.3898,-6
758.5898,-6
758.7898,-6
758.9898,-6
759.1898,-6
759.3898,-6
759.5898,-6
759.7898,-6
759.9898,-6
760.1898,-6
760.3898,-6
760.5898,-6
760.7898,-6
760.9898,-6
761.1898,-6
761.3888,-6
761.5888,-6
761.7888,-6
761.9898,-6
762.1898,-6
762.3898,-6
762.5898,-6
762.7898,-6
762.9898,-6
763.1888,-6
763.3888,-6
763.5888,-6
763.7888,-6
763.9888,-6
764.1888,-6
764.3888,-6
764.5888,-6
764.7888,-6
764.9888,-6
765.1888,-6
765.3888,-6
765.5888,-6
765.7888,-6
765.9888,-6
766.1888,-6
766.3888,-6
766.5888,-6
766.7888,-6
766.9888,-6
767.1888,-6
767.3888,-6
767.5888,-6
767.7888,-6
767.9898,-6
768.1888,-6
768.3888,-6
768.5898,-6
768.7888,-6
768.9888,-6
769.1888,-6
769.3888,-6
769.5888,-6
769.7888,-6
769.9888,-6
770.1888,-6
770.3888,-6
770.5888,-6
770.7888,-6
770.9898,-6
771.1888,-6
771.3888,-6
771.5888,-6
771.7888,-6
771.9888,-6
772.1888,-6
772.3888,-6
772.5888,-6
772.7888,-6
772.9888,-6
773.1888,-6
773.3888,-6
773.5888,-6
773.7888,-6
773.9898,-6
774.1888,-6
774.3888,-6
774.5888,-6
774.7888,-6
774.9888,-6
775.1888,-6
775.3888,-6
775.5888,-6
775.7888,-6
775.9888,-6
776.1888,-6
776.3888,-6
776.5888,-6
776.7888,-6
776.9888,-6
777.1888,-6
777.3888,-6
777.5888,-6
777.7888,-6
777.9888,-6
778.1888,-6
778.3888,-6
778.5888,-6
778.7888,-6
778.9888,-6
779.1888,-6
779.3888,-6
779.5888,-6
779.7888,-6
779.9888,-6
780.1888,-6
780.3888,-6
780.5888,-6
780.7888,-6
780.9888,-6
781.1888,-6
781.3888,-6
781.5888,-6
781.7888,-6
781.9888,-6
782.1888,-6
782.3888,-6
782.5888,-6
782.7888,-6
782.9888,-6
783.1888,-6
783.3888,-6
783.5888,-6
783.7888,-6
783.9888,-6
784.1888,-6
784.3888,-6
784.5888,-6
784.7888,-6
784.9888,-6
785.1888,-6
785.3888,-6
785.5888,-6
785.7888,-6
785.9888,-6
786.1888,-6
786.3888,-6
786.5888,-6
786.7888,-6
786.9888,-6
787.1888,-6
787.3888,-6
787.5888,-6
787.7888,-6
787.9888,-6
788.1888,-6
788.3888,-6
788.5888,-6
788.7888,-6
788.9888,-6
789.1888,-6
789.3888,-6
789.5888,-6
789.7888,-6
789.9888,-6
790.1888,-6
790.3888,-6
790.5888,-6
790.7888,-6
790.9888,-6
791.1888,-6
791.3888,-6
791.5888,-6
791.7888,-6
791.9888,-6
792.1888,-6
792.3888,-6
792.5888,-6
792.7888,-6
792.9888,-6
793.1888,-6
793.3888,-6
793.5888,-6
793.7888,-6
793.9888,-6
794.1888,-6
794.3888,-6
794.5888,-6
794.7888,-6
794.9888,-6
795.1888,-6
795.3888,-6
795.5888,-6
795.7888,-6
795.9888,-6
796.1888,-6
796.3888,-6
796.5888,-6
796.7888,-6
796.9888,-6
797.1888,-6
797.3888,-6
797.5888,-6
797.7888,-6
797.9888,-6
798.1888,-6
798.3888,-6
798.5888,-6
798.7888,-6
798.9888,-6
799.1888,-6
799.3888,-6
799.5888,-6
799.7888,-6
799.9888,-6
800.1888,-6
800.3888,-6
800.5888,-6
800.7888,-6
800.9888,-6
801.1888,-6
801.3888,-6
801.5888,-6
801.7888,-6
801.9888,-6
802.1888,-6
802.3888,-6
802.5888,-6
802.7888,-6
802.9888,-6
803.1888,-6
803.3888,-6
803.5888,-6
803.7888,-6
803.9888,-6
804.1888,-6
804.3888,-6
804.5888,-6
804.7888,-6
804.9888,-6
805.1888,-6
805.3888,-6
805.5888,-6
805.7888,-6
805.9888,-6
806.1888,-6
806.3888,-6
806.5888,-6
806.7888,-6
806.9888,-6
807.1888,-6
807.3888,-6
807.5888,-6
807.7888,-6
807.9888,-6
808.1888,-6
808.3888,-6
808.5888,-6
808.7888,-6
808.9888,-6
809.1888,-6
809.3888,-6
809.5888,-6
809.7888,-6
809.9888,-6
810.1888,-6
810.3888,-6
810.5888,-6
810.7888,-6
810.9888,-6
811.1888,-6
811.3888,-6
811.5888,-6
811.7888,-6
811.9888,-6
812.1888,-6
812.3888,-6
812.5888,-6
812.7888,-6
812.9888,-6
813.1888,-6
813.3888,-6
813.5888,-6
813.7888,-6
813.9888,-6
814.1888,-6
814.3888,-6
814.5888,-6
814.7888,-6
814.9888,-6
815.1888,-6
815.3888,-6
815.5888,-6
815.7888,-6
815.9888,-6
816.1888,-6
816.3888,-6
816.5888,-6
816.7888,-6
816.9888,-6
817.1888,-6
817.3888,-6
817.5888,-6
817.7888,-6
817.9888,-6
818.1888,-6
818.3888,-6
818.5888,-6
818.7888,-6
818.9888,-6
819.1888,-6
819.3888,-6
819.5888,-6
819.7888,-6
819.9888,-6
820.1888,-6
820.3888,-6
820.5878,-6
820.7878,-6
820.9878,-6
821.1888,-6
821.3878,-6
821.5878,-6
821.7878,-6
821.9878,-6
822.1878,-6
822.3878,-6
822.5878,-6
822.7898,-6
822.9878,-6
823.1888,-6
823.3888,-6
823.5878,-6
823.7878,-6
823.9878,-6
824.1878,-6
824.3878,-6
824.5878,-6
824.7878,-6
824.9878,-6
825.1878,-6
825.3878,-6
825.5898,-6
825.7878,-6
825.9898,-6
826.1898,-6
826.3898,-6
826.5898,-6
826.7898,-6
826.9898,-6
827.1898,-6
827.3898,-6
827.5888,-6
827.7888,-6
827.9898,-6
828.1888,-6
828.3888,-6
828.5888,-6
828.7888,-6
828.9898,-6
829.1898,-6
829.3888,-6
829.5888,-6
829.7888,-6
829.9888,-6
830.1888,-6
830.3888,-6
830.5888,-6
830.7888,-6
830.9888,-6
831.1888,-6
831.3888,-6
831.5888,-6
831.7888,-6
831.9888,-6
832.1888,-6
832.3888,-6
832.5888,-6
832.7888,-6
832.9888,-6
833.1888,-6
833.3888,-6
833.5888,-6
833.7888,-6
833.9888,-6
834.1888,-6
834.3888,-6
834.5888,-6
834.7888,-6
834.9888,-6
835.1888,-6
835.3888,-6
835.5888,-6
835.7888,-6
835.9888,-6
836.1888,-6
836.3888,-6
836.5888,-6
836.7888,-6
836.9888,-6
837.1888,-6
837.3888,-6
837.5888,-6
837.7888,-6
837.9888,-6
838.1888,-6
838.3888,-6
838.5888,-6
838.7888,-6
838.9888,-6
839.1888,-6
839.3878,-6
839.5878,-6
839.7878,-6
839.9878,-6
840.1878,-6
840.3878,-6
840.5888,-6
840.7888,-6
840.9878,-6
841.1878,-6
841.3888,-6
841.5878,-6
841.7878,-6
841.9878,-6
842.1878,-6
842.3878,-6
842.5878,-6
842.7878,-6
842.9878,-6
843.1878,-6
843.3878,-6
843.5878,-6
843.7888,-6
843.9888,-6
844.1878,-6
844.3888,-6
844.5878,-6
844.7878,-6
844.9878,-6
845.1878,-6
845.3878,-6
845.5878,-6
845.7878,-6
845.9878,-6
846.1878,-6
846.3878,-6
846.5878,-6
846.7878,-6
846.9878,-6
847.1878,-6
847.3878,-6
847.5878,-6
847.7878,-6
847.9878,-6
848.1878,-6
848.3888,-6
848.5878,-6
848.7878,-6
848.9878,-6
849.1878,-6
849.3878,-6
849.5878,-6
849.7878,-6
849.9878,-6
850.1878,-6
850.3878,-6
850.5878,-6
850.7878,-6
850.9878,-6
851.1878,-6
851.3878,-6
851.5878,-6
851.7878,-6
851.9878,-6
852.1878,-6
852.3878,-6
852.5878,-6
852.7878,-6
852.9888,-6
853.1888,-6
853.3878,-6
853.5878,-6
853.7878,-6
853.9878,-6
854.1878,-6
854.3878,-6
854.5878,-6
854.7878,-6
854.9878,-6
855.1878,-6
855.3878,-6
855.5878,-6
855.7878,-6
855.9878,-6
856.1888,-6
856.3878,-6
856.5878,-6
856.7878,-6
856.9878,-6
857.1878,-6
857.3878,-6
857.5878,-6
857.7878,-6
857.9878,-6
858.1878,-6
858.3878,-6
858.5878,-6
858.7878,-6
858.9878,-6
859.1878,-6
859.3878,-6
859.5878,-6
859.7878,-6
859.9878,-6
860.1878,-6
860.3878,-6
860.5878,-6
860.7878,-6
860.9878,-6
861.1878,-6
861.3878,-6
861.5878,-6
861.7878,-6
861.9878,-6
862.1878,-6
862.3878,-6
862.5878,-6
862.7878,-6
862.9878,-6
863.1878,-6
863.3878,-6
863.5878,-6
863.7878,-6
863.9878,-6
864.1878,-6
864.3878,-6
864.5878,-6
864.7878,-6
864.9878,-6
865.1878,-6
865.3878,-6
865.5878,-6
865.7878,-6
865.9878,-6
866.1878,-6
866.3878,-6
866.5878,-6
866.7878,-6
866.9878,-6
867.1878,-6
867.3878,-6
867.5878,-6
867.7878,-6
867.9878,-6
868.1878,-6
868.3878,-6
868.5878,-6
868.7878,-6
868.9878,-6
869.1878,-6
869.3878,-6
869.5878,-6
869.7878,-6
869.9878,-6
870.1878,-6
870.3878,-6
870.5878,-5.5
870.7878,-5.5
870.9878,-5.5
871.1878,-5.5
871.3878,-5.5
871.5878,-5.5
871.7878,-5.5
871.9878,-5.5
872.1878,-5.5
872.3878,-5.5
872.5878,-5.5
872.7878,-5.5
872.9878,-5.5
873.1878,-5.5
873.3878,-5.5
873.5878,-5.5
873.7878,-5.5
873.9878,-5.5
874.1878,-5.5
874.3878,-5.5
874.5878,-5.5
874.7878,-5.5
874.9878,-5.5
875.1878,-5.5
875.3878,-5.5
875.5878,-5.5
875.7878,-5.5
875.9878,-5.5
876.1878,-5.5
876.3878,-5.5
876.5878,-5.5
876.7878,-5.5
876.9878,-5.5
877.1878,-5.5
877.3878,-5.5
877.5878,-5.5
877.7878,-5.5
877.9878,-5.5
878.1878,-5.5
878.3878,-5.5
878.5878,-5.5
878.7878,-5.5
878.9878,-5.5
879.1878,-5.5
879.3878,-5.5
879.5878,-5.5
879.7878,-5.5
879.9878,-5.5
880.1878,-5.5
880.3878,-5.5
880.5878,-5.5
880.7878,-5.5
880.9878,-5.5
881.1878,-5.5
881.3878,-5.5
881.5878,-5.5
881.7878,-5.5
881.9878,-5.5
882.1878,-5.5
882.3878,-5.5
882.5878,-5.5
882.7878,-5.5
882.9878,-5.5
883.1878,-5.5
883.3878,-5.5
883.5878,-5.5
883.7878,-5.5
883.9878,-5.5
884.1878,-5.5
884.3868,-5.5
884.5878,-5.5
884.7878,-5.5
884.9878,-5.5
885.1878,-5.5
885.3878,-5.5
885.5878,-5.5
885.7878,-5.5
885.9878,-5.5
886.1878,-5.5
886.3878,-5.5
886.5868,-5.5
886.7868,-5.5
886.9878,-5.5
887.1878,-5.5
887.3878,-5.5
887.5878,-5.5
887.7878,-5.5
887.9878,-5.5
888.1878,-5.5
888.3878,-5.5
888.5878,-5.5
888.7878,-5.5
888.9878,-5.5
889.1868,-5.5
889.3868,-5.5
889.5878,-5.5
889.7878,-5.5
889.9878,-5.5
890.1878,-5.5
890.3878,-5.5
890.5868,-5.5
890.7868,-5.5
890.9878,-5.5
891.1878,-5.5
891.3878,-5.5
891.5878,-5.5
891.7878,-5.5
891.9868,-5.5
892.1868,-5.5
892.3868,-5.5
892.5878,-5.5
892.7868,-5.5
892.9868,-5.5
893.1878,-5.5
893.3868,-5.5
893.5878,-5.5
893.7868,-5.5
893.9868,-5.5
894.1868,-5.5
894.3868,-5.5
894.5878,-5.5
894.7878,-5.5
894.9878,-5.5
895.1868,-5.5
895.3868,-5.5
895.5878,-5.5
895.7878,-5.5
895.9868,-5.5
896.1868,-5.5
896.3878,-5.5
896.5878,-5.5
896.7868,-5.5
896.9868,-5.5
897.1868,-5.5
897.3868,-5.5
897.5868,-5.5
897.7878,-5.5
897.9868,-5.5
898.1868,-5.5
898.3868,-5.5
898.5868,-5.5
898.7868,-5.5
898.9868,-5.5
899.1868,-5.5
899.3868,-5.5
899.5868,-5.5
899.7868,-5.5
899.9868,-5.5
900.1868,-5.5
900.3868,-5.5
900.5868,-5.5
900.7868,-5.5
900.9868,-5.5
901.1868,-5.5
901.3868,-5.5
901.5868,-5.5
901.7868,-5.5
901.9868,-5.5
902.1868,-5.5
902.3868,-5.5
902.5868,-5.5
902.7868,-5.5
902.9868,-5.5
903.1868,-5.5
903.3868,-5.5
903.5868,-5.5
903.7868,-5.5
903.9868,-5.5
904.1868,-5.5
904.3868,-5.5
904.5868,-5.5
904.7878,-5.5
904.9868,-5.5
905.1868,-5.5
905.3868,-5.5
905.5868,-5.5
905.7868,-5.5
905.9868,-5.5
906.1868,-5.5
906.3868,-5.5
906.5868,-5.5
906.7868,-5.5
906.9868,-5.5
907.1868,-5.5
907.3868,-5.5
907.5868,-5.5
907.7868,-5.5
907.9868,-5.5
908.1868,-5.5
908.3868,-5.5
908.5868,-5.5
908.7868,-5.5
908.9868,-5.5
909.1868,-5.5
909.3868,-5.5
909.5868,-5.5
909.7868,-5.5
909.9868,-5.5
910.1868,-5.5
910.3868,-5.5
910.5868,-5.5
910.7868,-5.5
910.9868,-5.5
911.1868,-5.5
911.3868,-5.5
911.5868,-5.5
911.7868,-5.5
911.9868,-5.5
912.1868,-5.5
912.3868,-5.5
912.5868,-5.5
912.7868,-5.5
912.9868,-5.5
913.1868,-5.5
913.3868,-5.5
913.5868,-5.5
913.7868,-5.5
913.9868,-5.5
914.1878,-5.5
914.3868,-5.5
914.5868,-5.5
914.7868,-5.5
914.9868,-5.5
915.1868,-5.5
915.3868,-5.5
915.5868,-5.5
915.7868,-5.5
915.9868,-5.5
916.1868,-5.5
916.3868,-5.5
916.5868,-5.5
916.7868,-5.5
916.9868,-5.5
917.1868,-5.5
917.3868,-5.5
917.5868,-5.5
917.7868,-5.5
917.9868,-5.5
918.1868,-5.5
918.3868,-5.5
918.5868,-5.5
918.7868,-5.5
918.9868,-5.5
919.1868,-5.5
919.3868,-5.5
919.5868,-5.5
919.7868,-5.5
919.9868,-5.5
920.1868,-5.5
920.3868,-5.5
920.5868,-5.5
920.7868,-5.5
920.9868,-5.5
921.1868,-5.5
921.3868,-5.5
921.5868,-5.5
921.7868,-5.5
921.9868,-5.5
922.1868,-5.5
922.3868,-5.5
922.5868,-5.5
922.7868,-5.5
922.9868,-5.5
923.1868,-5.5
923.3868,-5.5
923.5868,-5.5
923.7868,-5.5
923.9868,-5.5
924.1868,-5.5
924.3868,-5.5
924.5868,-5.5
924.7868,-5.5
924.9868,-5.5
925.1868,-5.5
925.3868,-5.5
925.5868,-5.5
925.7868,-5.5
925.9868,-5.5
926.1868,-5.5
926.3868,-5.5
926.5868,-5.5
926.7868,-5.5
926.9868,-5.5
927.1868,-5.5
927.3868,-5.5
927.5868,-5.5
927.7868,-5.5
927.9868,-5.5
928.1868,-5.5
928.3868,-5.5
928.5868,-5.5
928.7868,-5.5
928.9868,-5.5
929.1868,-5.5
929.3868,-5.5
929.5868,-5.5
929.7868,-5.5
929.9868,-5.5
930.1868,-5.5
930.3868,-5.5
930.5868,-5.5
930.7868,-5.5
930.9868,-5.5
931.1868,-5.5
931.3868,-5.5
931.5868,-5.5
931.7868,-5.5
931.9868,-5.5
932.1868,-5.5
932.3868,-5.5
932.5868,-5.5
932.7868,-5.5
932.9868,-5.5
933.1868,-5.5
933.3868,-5.5
933.5868,-5.5
933.7868,-5.5
933.9868,-5.5
934.1868,-5.5
934.3868,-5.5
934.5868,-5.5
934.7868,-5.5
934.9868,-5.5
935.1868,-5.5
935.3868,-5.5
935.5868,-5.5
935.7868,-5.5
935.9868,-5.5
936.1868,-5.5
936.3868,-5.5
936.5868,-5.5
936.7868,-5.5
936.9868,-5.5
937.1868,-5.5
937.3868,-5.5
937.5868,-5.5
937.7868,-5.5
937.9868,-5.5
938.1868,-5.5
938.3868,-5.5
938.5868,-5.5
938.7868,-5.5
938.9868,-5.5
939.1868,-5.5
939.3868,-5.5
939.5868,-5.5
939.7868,-5.5
939.9868,-5.5
940.1868,-5.5
940.3868,-5.5
940.5868,-5.5
940.7868,-5.5
940.9868,-5.5
941.1868,-5.5
941.3868,-5.5
941.5868,-5.5
941.7868,-5.5
941.9868,-5.5
942.1868,-5.5
942.3868,-5.5
942.5868,-5.5
942.7858,-5.5
942.9868,-5.5
943.1868,-5.5
943.3868,-5.5
943.5868,-5.5
943.7868,-5.5
943.9868,-5.5
944.1868,-5.5
944.3868,-5.5
944.5868,-5.5
944.7868,-5.5
944.9868,-5.5
945.1868,-5.5
945.3868,-5.5
945.5868,-5.5
945.7868,-5.5
945.9858,-5.5
946.1868,-5.5
946.3868,-5.5
946.5868,-5.5
946.7858,-5.5
946.9868,-5.5
947.1868,-5.5
947.3858,-5.5
947.5858,-5.5
947.7858,-5.5
947.9858,-5.5
948.1858,-5.5
948.3858,-5.5
948.5858,-5.5
948.7858,-5.5
948.9858,-5.5
949.1858,-5.5
949.3858,-5.5
949.5858,-5.5
949.7858,-5.5
949.9858,-5.5
950.1858,-5.5
950.3858,-5.5
950.5858,-5.5
950.7858,-5.5
950.9858,-5.5
951.1858,-5.5
951.3858,-5.5
951.5858,-5.5
951.7858,-5.5
951.9858,-5.5
952.1858,-5.5
952.3858,-5.5
952.5858,-5.5
952.7858,-5.5
952.9858,-5.5
953.1858,-5.5
953.3858,-5.5
953.5858,-5.5
953.7858,-5.5
953.9858,-5.5
954.1858,-5.5
954.3858,-5.5
954.5858,-5.5
954.7858,-5.5
954.9858,-5.5
955.1858,-5.5
955.3858,-5.5
955.5858,-5.5
955.7858,-5.5
955.9858,-5.5
956.1858,-5.5
956.3858,-5.5
956.5858,-5.5
956.7868,-5.5
956.9858,-5.5
957.1858,-5.5
957.3858,-5.5
957.5858,-5.5
957.7858,-5.5
957.9858,-5.5
958.1858,-5.5
958.3858,-5.5
958.5858,-5.5
958.7858,-5.5
958.9858,-5.5
959.1858,-5.5
959.3858,-5.5
959.5858,-5.5
959.7868,-5.5
959.9868,-5.5
960.1868,-5.5
960.3868,-5.5
960.5858,-5.5
960.7868,-5.5
960.9858,-5.5
961.1858,-5.5
961.3858,-5.5
961.5858,-5.5
961.7858,-5.5
961.9858,-5.5
962.1858,-5.5
962.3858,-5.5
962.5868,-5.5
962.7858,-5.5
962.9858,-5.5
963.1858,-5.5
963.3858,-5.5
963.5858,-5.5
963.7858,-5.5
963.9858,-5.5
964.1858,-5.5
964.3858,-5.5
964.5858,-5.5
964.7858,-5.5
964.9858,-5.5
965.1858,-5.5
965.3868,-5.5
965.5868,-5.5
965.7858,-5.5
965.9858,-5.5
966.1858,-5.5
966.3858,-5.5
966.5858,-5.5
966.7858,-5.5
966.9858,-5.5
967.1858,-5.5
967.3858,-5.5
967.5858,-5.5
967.7858,-5.5
967.9858,-5.5
968.1858,-5.5
968.3858,-5.5
968.5858,-5.5
968.7858,-5.5
968.9858,-5.5
969.1858,-5.5
969.3858,-5.5
969.5858,-5.5
969.7858,-5.5
969.9858,-5.5
970.1858,-5.5
970.3858,-5.5
970.5858,-5.5
970.7858,-5.5
970.9858,-5.5
971.1858,-5.5
971.3858,-5.5
971.5858,-5.5
971.7858,-5.5
971.9858,-5.5
972.1858,-5.5
972.3858,-5.5
972.5858,-5.5
972.7858,-5.5
972.9858,-5.5
973.1858,-5.5
973.3858,-5.5
973.5858,-5.5
973.7858,-5.5
973.9858,-5.5
974.1858,-5.5
974.3858,-5.5
974.5858,-5.5
974.7858,-5.5
974.9858,-5.5
975.1858,-5.5
975.3858,-5.5
975.5858,-5.5
975.7858,-5.5
975.9858,-5.5
976.1858,-5.5
976.3858,-5.5
976.5858,-5.5
976.7858,-5.5
976.9858,-5.5
977.1858,-5.5
977.3858,-5.5
977.5858,-5.5
977.7858,-5.5
977.9858,-5.5
978.1858,-5.5
978.3858,-5.5
978.5858,-5.5
978.7858,-5.5
978.9858,-5.5
979.1858,-5.5
979.3858,-5.5
979.5858,-5.5
979.7858,-5.5
979.9858,-5.5
980.1858,-5.5
980.3858,-5.5
980.5858,-5.5
980.7858,-5.5
980.9858,-5.5
981.1858,-5.5
981.3858,-5.5
981.5858,-5.5
981.7858,-5.5
981.9858,-5.5
982.1858,-5.5
982.3858,-5.5
982.5858,-5.5
982.7858,-5.5
982.9858,-5.5
983.1858,-5.5
983.3858,-5.5
983.5858,-5.5
983.7858,-5.5
983.9858,-5.5
984.1858,-5.5
984.3858,-5.5
984.5858,-5.5
984.7858,-5.5
984.9858,-5.5
985.1858,-5.5
985.3858,-5.5
985.5858,-5.5
985.7858,-5.5
985.9858,-5.5
986.1858,-5.5
986.3858,-5.5
986.5858,-5.5
986.7858,-5.5
986.9858,-5.5
987.1858,-5.5
987.3858,-5.5
987.5858,-5.5
987.7858,-5.5
987.9858,-5.5
988.1858,-5.5
988.3858,-5.5
988.5858,-5.5
988.7858,-5.5
988.9858,-5.5
989.1858,-5.5
989.3858,-5.5
989.5858,-5.5
989.7858,-5.5
989.9858,-5.5
990.1858,-5.5
990.3858,-5.5
990.5858,-5.5
990.7858,-5.5
990.9858,-5.5
991.1858,-5.5
991.3858,-5.5
991.5858,-5.5
991.7858,-5.5
991.9858,-5.5
992.1858,-5.5
992.3858,-5.5
992.5858,-5.5
992.7858,-5.5
992.9858,-5.5
993.1858,-5.5
993.3858,-5.5
993.5858,-5.5
993.7858,-5.5
993.9858,-5.5
994.1858,-5.5
994.3858,-5.5
994.5848,-5.5
994.7858,-5.5
994.9858,-5.5
995.1858,-5.5
995.3858,-5.5
995.5858,-5.5
995.7858,-5.5
995.9858,-5.5
996.1858,-5.5
996.3848,-5.5
996.5858,-5.5
996.7858,-5.5
996.9858,-5.5
997.1858,-5.5
997.3858,-5.5
997.5848,-5.5
997.7848,-5.5
997.9848,-5.5
998.1858,-5.5
998.3858,-5.5
998.5848,-5.5
998.7848,-5.5
998.9858,-5.5
999.1858,-5.5
999.3858,-5.5
999.5858,-5.5
999.7848,-5.5
999.9858,-5.5
1000.186,-5.5
1000.386,-5.5
1000.586,-5.5
1000.786,-5.5
1000.986,-5.5
1001.186,-5.5
1001.386,-5.5
1001.586,-5.5
1001.786,-5.5
1001.985,-5.5
1002.186,-5.5
1002.385,-5.5
1002.586,-5.5
1002.786,-5.5
1002.986,-5.5
1003.186,-5.5
1003.386,-5.5
1003.586,-5.5
1003.785,-5.5
1003.986,-5.5
1004.185,-5.5
1004.385,-5.5
1004.585,-5.5
1004.785,-5.5
1004.985,-5.5
1005.186,-5.5
1005.385,-5.5
1005.585,-5.5
1005.785,-5.5
1005.986,-5.5
1006.185,-5.5
1006.385,-5.5
1006.585,-5.5
1006.785,-5.5
1006.985,-5.5
1007.185,-5.5
1007.386,-5.5
1007.585,-5.5
1007.785,-5.5
1007.985,-5.5
1008.186,-5.5
1008.385,-5.5
1008.585,-5.5
1008.785,-5.5
1008.986,-5.5
1009.185,-5.5
1009.386,-5.5
1009.585,-5.5
1009.785,-5.5
1009.985,-5.5
1010.185,-5.5
1010.386,-5.5
1010.585,-5.5
1010.785,-5.5
1010.985,-5.5
1011.186,-5.5
1011.385,-5.5
1011.585,-5.5
1011.785,-5.5
1011.985,-5.5
1012.185,-5.5
1012.385,-5.5
1012.585,-5.5
1012.785,-5.5
1012.985,-5.5
1013.185,-5.5
1013.386,-5.5
1013.585,-5.5
1013.785,-5.5
1013.985,-5.5
1014.185,-5.5
1014.386,-5.5
1014.585,-5.5
1014.785,-5.5
1014.985,-5.5
1015.185,-5.5
1015.386,-5.5
1015.585,-5.5
1015.785,-5.5
1015.985,-5.5
1016.185,-5.5
1016.386,-5.5
1016.585,-5.5
1016.785,-5.5
1016.985,-5.5
1017.185,-5.5
1017.386,-5.5
1017.585,-5.5
1017.785,-5.5
1017.985,-5.5
1018.185,-5.5
1018.385,-5.5
1018.585,-5.5
1018.785,-5.5
1018.985,-5.5
1019.185,-5.5
1019.385,-5.5
1019.585,-5.5
1019.785,-5.5
1019.985,-5.5
1020.185,-5.5
1020.386,-5.5
1020.585,-5.5
1020.785,-5.5
1020.985,-5.5
1021.185,-5.5
1021.385,-5.5
1021.585,-5.5
1021.785,-5.5
1021.985,-5.5
1022.185,-5.5
1022.385,-5.5
1022.585,-5.5
1022.785,-5.5
1022.985,-5.5
1023.185,-5.5
1023.385,-5.5
1023.585,-5.5
1023.785,-5.5
1023.985,-5.5
1024.185,-5.5
1024.385,-5.5
1024.585,-5.5
1024.785,-5.5
1024.985,-5.5
1025.185,-5.5
1025.385,-5.5
1025.585,-5.5
1025.785,-5.5
1025.985,-5.5
1026.185,-5.5
1026.385,-5.5
1026.585,-5.5
1026.786,-5.5
1026.985,-5.5
1027.185,-5.5
1027.385,-5.5
1027.585,-5.5
1027.785,-5.5
1027.985,-5.5
1028.185,-5.5
1028.385,-5.5
1028.585,-5.5
1028.785,-5.5
1028.985,-5.5
1029.185,-5.5
1029.385,-5.5
1029.585,-5.5
1029.785,-5.5
1029.985,-5.5
1030.185,-5.5
1030.385,-5.5
1030.585,-5.5
1030.785,-5.5
1030.985,-5.5
1031.185,-5.5
1031.385,-5.5
1031.585,-5.5
1031.785,-5.5
1031.985,-5.5
1032.185,-5.5
1032.385,-5.5
1032.585,-5.5
1032.785,-5.5
1032.985,-5.5
1033.185,-5.5
1033.385,-5.5
1033.585,-5.5
1033.785,-5.5
1033.985,-5.5
1034.185,-5.5
1034.385,-5.5
1034.585,-5.5
1034.785,-5.5
1034.985,-5.5
1035.185,-5.5
1035.385,-5.5
1035.585,-5.5
1035.785,-5.5
1035.985,-5.5
1036.185,-5.5
1036.385,-5.5
1036.585,-5.5
1036.785,-5.5
1036.985,-5.5
1037.185,-5.5
1037.385,-5.5
1037.585,-5.5
1037.785,-5.5
1037.985,-5.5
1038.185,-5.5
1038.385,-5.5
1038.585,-5.5
1038.785,-5.5
1038.985,-5.5
1039.185,-5.5
1039.385,-5.5
1039.585,-5.5
1039.785,-5.5
1039.985,-5.5
1040.185,-5.5
1040.385,-5.5
1040.585,-5.5
1040.785,-5.5
1040.985,-5.5
1041.185,-5.5
1041.385,-5.5
1041.585,-5.5
1041.785,-5.5
1041.985,-5.5
1042.185,-5.5
1042.385,-5.5
1042.585,-5.5
1042.785,-5.5
1042.985,-5.5
1043.185,-5.5
1043.385,-5.5
1043.585,-5.5
1043.785,-5.5
1043.985,-5.5
1044.185,-5.5
1044.385,-5.5
1044.585,-5.5
1044.785,-5.5
1044.985,-5.5
1045.185,-5.5
1045.385,-5.5
1045.585,-5.5
1045.785,-5.5
1045.985,-5.5
1046.185,-5.5
1046.385,-5.5
1046.585,-5.5
1046.785,-5.5
1046.985,-5.5
1047.185,-5.5
1047.385,-5.5
1047.585,-5.5
1047.785,-5.5
1047.985,-5.5
1048.185,-5.5
1048.385,-5.5
1048.585,-5.5
1048.785,-5.5
1048.985,-5.5
1049.185,-5.5
1049.385,-5.5
1049.585,-5.5
1049.785,-5.5
1049.985,-5.5
1050.185,-5.5
1050.385,-5.5
1050.585,-5.5
1050.785,-5.5
1050.985,-5.5
1051.185,-5.5
1051.385,-5.5
1051.585,-5.5
1051.785,-5.5
1051.985,-5.5
1052.185,-5.5
1052.384,-5.5
1052.584,-5.5
1052.784,-5.5
1052.984,-5.5
1053.184,-5.5
1053.384,-5.5
1053.584,-5.5
1053.785,-5.5
1053.984,-5.5
1054.184,-5.5
1054.384,-5.5
1054.584,-5.5
1054.785,-5.5
1054.984,-5.5
1055.184,-5.5
1055.384,-5.5
1055.584,-5.5
1055.784,-5.5
1055.984,-5.5
1056.184,-5.5
1056.384,-5.5
1056.584,-5.5
1056.785,-5.5
1056.985,-5.5
1057.185,-5.5
1057.385,-5.5
1057.585,-5.5
1057.785,-5.5
1057.984,-5.5
1058.184,-5.5
1058.384,-5.5
1058.584,-5.5
1058.784,-5.5
1058.984,-5.5
1059.184,-5.5
1059.384,-5.5
1059.584,-5.5
1059.784,-5.5
1059.984,-5.5
1060.184,-5.5
1060.384,-5.5
1060.584,-5.5
1060.784,-5.5
1060.984,-5.5
1061.184,-5.5
1061.384,-5.5
1061.584,-5.5
1061.784,-5.5
1061.984,-5.5
1062.184,-5.5
1062.384,-5.5
1062.584,-5.5
1062.784,-5.5
1062.985,-5.5
1063.184,-5.5
1063.384,-5.5
1063.584,-5.5
1063.784,-5.5
1063.984,-5.5
1064.184,-5.5
1064.384,-5.5
1064.584,-5.5
1064.784,-5.5
1064.984,-5.5
1065.184,-5.5
1065.384,-5.5
1065.584,-5.5
1065.784,-5.5
1065.985,-5.5
1066.184,-5.5
1066.384,-5.5
1066.584,-5.5
1066.784,-5.5
1066.984,-5.5
1067.184,-5.5
1067.384,-5.5
1067.584,-5.5
1067.784,-5.5
1067.984,-5.5
1068.184,-5.5
1068.384,-5.5
1068.584,-5.5
1068.784,-5.5
1068.984,-5.5
1069.184,-5.5
1069.384,-5.5
1069.584,-5.5
1069.784,-5.5
1069.984,-5.5
1070.184,-5.5
1070.384,-5.5
1070.584,-5.5
1070.784,-5.5
1070.984,-5.5
1071.184,-5.5
1071.384,-5.5
1071.584,-5.5
1071.784,-5.5
1071.984,-5.5
1072.184,-5.5
1072.384,-5.5
1072.584,-5.5
1072.784,-5.5
1072.984,-5.5
1073.184,-5.5
1073.384,-5.5
1073.584,-5.5
1073.784,-5.5
1073.984,-5.5
1074.184,-5.5
1074.384,-5.5
1074.584,-5.5
1074.784,-5.5
1074.984,-5.5
1075.184,-5.5
1075.384,-5.5
1075.584,-5.5
1075.784,-5.5
1075.984,-5.5
1076.184,-5.5
1076.384,-5.5
1076.584,-5.5
1076.784,-5.5
1076.984,-5.5
1077.184,-5.5
1077.384,-5.5
1077.584,-5.5
1077.784,-5.5
1077.984,-5.5
1078.184,-5.5
1078.384,-5.5
1078.584,-5.5
1078.784,-5.5
1078.984,-5.5
1079.184,-5.5
1079.384,-5.5
1079.584,-5.5
1079.784,-5.5
1079.984,-5.5
1080.184,-5.5
1080.384,-5.5
1080.584,-5.5
1080.784,-5.5
1080.984,-5.5
1081.184,-5.5
1081.384,-5.5
1081.584,-5.5
1081.784,-5.5
1081.984,-5.5
1082.184,-5.5
1082.384,-5.5
1082.584,-5.5
1082.784,-5.5
1082.984,-5.5
1083.184,-5.5
1083.384,-5.5
1083.584,-5.5
1083.784,-5.5
1083.984,-5.5
1084.184,-5.5
1084.384,-5.5
1084.584,-5.5
1084.784,-5.5
1084.984,-5.5
1085.184,-5.5
1085.384,-5.5
1085.584,-5.5
1085.784,-5.5
1085.984,-5.5
1086.184,-5.5
1086.384,-5.5
1086.584,-5.5
1086.784,-5.5
1086.984,-5.5
1087.184,-5.5
1087.384,-5.5
1087.584,-5.5
1087.784,-5.5
1087.984,-5.5
1088.184,-5.5
1088.384,-5.5
1088.584,-5.5
1088.784,-5.5
1088.984,-5.5
1089.184,-5.5
1089.384,-5.5
1089.584,-5.5
1089.784,-5.5
1089.984,-5.5
1090.184,-5.5
1090.384,-5.5
1090.584,-5.5
1090.784,-5.5
1090.984,-5.5
1091.184,-5.5
1091.384,-5.5
1091.584,-5.5
1091.784,-5.5
1091.984,-5.5
1092.184,-5.5
1092.384,-5.5
1092.584,-5.5
1092.784,-5.5
1092.984,-5.5
1093.184,-5.5
1093.384,-5.5
1093.584,-5.5
1093.784,-5.5
1093.984,-5.5
1094.184,-5.5
1094.384,-5.5
1094.584,-5.5
1094.784,-5.5
1094.984,-5.5
1095.184,-5.5
1095.384,-5.5
1095.584,-5.5
1095.784,-5.5
1095.984,-5.5
1096.184,-5.5
1096.384,-5.5
1096.584,-5.5
1096.784,-5.5
1096.984,-5.5
1097.184,-5.5
1097.384,-5.5
1097.584,-5.5
1097.784,-5.5
1097.984,-5.5
1098.184,-5.5
1098.384,-5.5
1098.584,-5.5
1098.784,-5.5
1098.984,-5.5
1099.184,-5.5
1099.384,-5.5
1099.584,-5.5
1099.784,-5.5
1099.984,-5.5
1100.184,-5.5
1100.384,-5.5
1100.584,-5.5
1100.784,-5.5
1100.984,-5.5
1101.184,-5.5
1101.384,-5.5
1101.584,-5.5
1101.784,-5.5
1101.984,-5.5
1102.184,-5.5
1102.384,-5.5
1102.584,-5.5
1102.784,-5.5
1102.984,-5.5
1103.184,-5.5
1103.384,-5.5
1103.584,-5.5
1103.784,-5.5
1103.984,-5.5
1104.184,-5.5
1104.384,-5.5
1104.584,-5.5
1104.784,-5.5
1104.984,-5.5
1105.184,-5.5
1105.384,-5.5
1105.584,-5.5
1105.784,-5.5
1105.984,-5.5
1106.184,-5.5
1106.384,-5.5
1106.584,-5.5
1106.784,-5.5
1106.984,-5.5
1107.184,-5.5
1107.384,-5.5
1107.584,-5.5
1107.784,-5.5
1107.984,-5.5
1108.184,-5.5
1108.384,-5.5
1108.584,-5.5
1108.784,-5.5
1108.984,-5.5
1109.184,-5.5
1109.384,-5.5
1109.584,-5.5
1109.784,-5.5
1109.984,-5.5
1110.184,-5.5
1110.384,-5.5
1110.584,-5.5
1110.784,-5.5
1110.984,-5.5
1111.184,-5.5
1111.384,-5.5
1111.584,-5.5
1111.784,-5.5
1111.984,-5.5
1112.184,-5.5
1112.384,-5.5
1112.584,-5.5
1112.784,-5.5
1112.984,-5.5
1113.183,-5.5
1113.383,-5.5
1113.583,-5.5
1113.783,-5.5
1113.983,-5.5
1114.183,-5.5
1114.383,-5.5
1114.583,-5.5
1114.783,-5.5
1114.983,-5.5
1115.183,-5.5
1115.383,-5.5
1115.583,-5.5
1115.784,-5.5
1115.983,-5.5
1116.183,-5.5
1116.383,-5.5
1116.583,-5.5
1116.783,-5.5
1116.983,-5.5
1117.183,-5.5
1117.383,-5.5
1117.583,-5.5
1117.784,-5.5
1117.983,-5.5
1118.183,-5.5
1118.383,-5.5
1118.583,-5.5
1118.783,-5.5
1118.983,-5.5
1119.183,-5.5
1119.383,-5.5
1119.583,-5.5
1119.783,-5.5
1119.983,-5.5
1120.183,-5.5
1120.383,-5.5
1120.583,-5.5
1120.783,-5.5
1120.983,-5.5
1121.183,-5.5
1121.383,-5.5
1121.583,-5.5
1121.783,-5.5
1121.983,-5.5
1122.183,-5.5
1122.383,-5.5
1122.583,-5.5
1122.783,-5.5
1122.983,-5.5
1123.183,-5.5
1123.383,-5.5
1123.583,-5.5
1123.783,-5.5
1123.983,-5.5
1124.183,-5.5
1124.383,-5.5
1124.583,-5.5
1124.783,-5.5
1124.983,-5.5
1125.183,-5.5
1125.383,-5.5
1125.583,-5.5
1125.783,-5.5
1125.983,-5.5
1126.183,-5.5
1126.383,-5.5
1126.583,-5.5
1126.783,-5.5
1126.983,-5.5
1127.183,-5.5
1127.383,-5.5
1127.583,-5.5
1127.783,-5.5
1127.983,-5.5
1128.183,-5.5
1128.383,-5.5
1128.583,-5.5
1128.783,-5.5
1128.983,-5.5
1129.183,-5.5
1129.383,-5.5
1129.583,-5.5
1129.783,-5.5
1129.983,-5.5
1130.183,-5.5
1130.383,-5.5
1130.583,-5.5
1130.783,-5.5
1130.983,-5.5
1131.183,-5.5
1131.383,-5.5
1131.583,-5.5
1131.783,-5.5
1131.983,-5.5
1132.183,-5.5
1132.383,-5.5
1132.583,-5.5
1132.783,-5.5
1132.983,-5.5
1133.183,-5.5
1133.383,-5.5
1133.583,-5.5
1133.783,-5.5
1133.983,-5.5
1134.183,-5.5
1134.383,-5.5
1134.583,-5.5
1134.783,-5.5
1134.983,-5.5
1135.183,-5.5
1135.383,-5.5
1135.583,-5.5
1135.783,-5.5
1135.983,-5.5
1136.183,-5.5
1136.383,-5.5
1136.583,-5.5
1136.783,-5.5
1136.983,-5.5
1137.183,-5.5
1137.383,-5.5
1137.583,-5.5
1137.783,-5.5
1137.983,-5.5
1138.183,-5.5
1138.383,-5.5
1138.583,-5.5
1138.783,-5.5
1138.983,-5.5
1139.183,-5.5
1139.383,-5.5
1139.583,-5.5
1139.783,-5.5
1139.983,-5.5
1140.183,-5.5
1140.383,-5.5
1140.583,-5.5
1140.783,-5.5
1140.983,-5.5
1141.183,-5.5
1141.383,-5.5
1141.583,-5.5
1141.783,-5.5
1141.983,-5.5
1142.183,-5.5
1142.383,-5.5
1142.583,-5.5
1142.783,-5.5
1142.983,-5.5
1143.183,-5.5
1143.383,-5.5
1143.583,-5.5
1143.783,-5.5
1143.983,-5.5
1144.183,-5.5
1144.383,-5.5
1144.583,-5.5
1144.783,-5.5
1144.983,-5.5
1145.183,-5.5
1145.383,-5.5
1145.583,-5.5
1145.783,-5.5
1145.983,-5.5
1146.183,-5.5
1146.383,-5.5
1146.583,-5.5
1146.783,-5.5
1146.983,-5.5
1147.183,-5.5
1147.383,-5.5
1147.583,-5.5
1147.783,-5.5
1147.983,-5.5
1148.183,-5.5
1148.383,-5.5
1148.583,-5.5
1148.783,-5.5
1148.983,-5.5
1149.183,-5.5
1149.383,-5.5
1149.583,-5.5
1149.783,-5.5
1149.983,-5.5
1150.183,-5.5
1150.383,-5.5
1150.583,-5.5
1150.783,-5.5
1150.983,-5.5
1151.183,-5.5
1151.383,-5.5
1151.583,-5.5
1151.783,-5.5
1151.983,-5.5
1152.183,-5.5
1152.383,-5.5
1152.583,-5.5
1152.783,-5.5
1152.983,-5.5
1153.183,-5.5
1153.383,-5.5
1153.583,-5.5
1153.783,-5.5
1153.983,-5.5
1154.183,-5.5
1154.383,-5.5
1154.583,-5.5
1154.783,-5.5
1154.983,-5.5
1155.183,-5.5
1155.383,-5.5
1155.583,-5.5
1155.783,-5.5
1155.983,-5.5
1156.183,-5.5
1156.383,-5.5
1156.583,-5.5
1156.783,-5.5
1156.983,-5.5
1157.183,-5.5
1157.383,-5.5
1157.583,-5.5
1157.783,-5.5
1157.983,-5.5
1158.183,-5.5
1158.383,-5.5
1158.583,-5.5
1158.783,-5.5
1158.983,-5.5
1159.183,-5.5
1159.383,-5.5
1159.583,-5.5
1159.783,-5.5
1159.983,-5.5
1160.183,-5.5
1160.383,-5.5
1160.583,-5.5
1160.783,-5.5
1160.983,-5.5
1161.183,-5.5
1161.383,-5.5
1161.583,-5.5
1161.783,-5.5
1161.983,-5.5
1162.183,-5.5
1162.383,-5.5
1162.583,-5.5
1162.783,-5.5
1162.983,-5.5
1163.183,-5.5
1163.383,-5.5
1163.583,-5.5
1163.783,-5.5
1163.983,-5.5
1164.183,-5.5
1164.383,-5.5
1164.583,-5.5
1164.783,-5.5
1164.983,-5.5
1165.183,-5.5
1165.383,-5.5
1165.583,-5.5
1165.783,-5.5
1165.983,-5.5
1166.183,-5.5
1166.383,-5.5
1166.583,-5.5
1166.783,-5.5
1166.983,-5.5
1167.183,-5.5
1167.383,-5.5
1167.583,-5.5
1167.782,-5.5
1167.982,-5.5
1168.182,-5.5
1168.382,-5.5
1168.582,-5.5
1168.782,-5.5
1168.982,-5.5
1169.182,-5.5
1169.383,-5.5
1169.583,-5.5
1169.783,-5.5
1169.983,-5.5
1170.183,-5.5
1170.382,-5.5
1170.582,-5.5
1170.782,-5.5
1170.982,-5.5
1171.182,-5.5
1171.382,-5.5
1171.582,-5.5
1171.782,-5.5
1171.982,-5.5
1172.182,-5.5
1172.382,-5.5
1172.583,-5.5
1172.783,-5.5
1172.983,-5.5
1173.183,-5.5
1173.382,-5.5
1173.582,-5.5
1173.782,-5.5
1173.983,-5.5
1174.182,-5.5
1174.382,-5.5
1174.582,-5.5
1174.782,-5.5
1174.982,-5.5
1175.182,-5.5
1175.382,-5.5
1175.582,-5.5
1175.782,-5.5
1175.982,-5.5
1176.182,-5.5
1176.382,-5.5
1176.582,-5.5
1176.782,-5.5
1176.982,-5.5
1177.182,-5.5
1177.382,-5.5
1177.582,-5.5
1177.782,-5.5
1177.982,-5.5
1178.182,-5.5
1178.382,-5.5
1178.582,-5.5
1178.782,-5.5
1178.982,-5.5
1179.182,-5.5
1179.382,-5.5
1179.582,-5.5
1179.782,-5.5
1179.982,-5.5
1180.182,-5.5
1180.382,-5.5
1180.582,-5.5
1180.782,-5.5
1180.982,-5.5
1181.182,-5.5
1181.382,-5.5
1181.582,-5.5
1181.782,-5.5
1181.982,-5.5
1182.182,-5.5
1182.382,-5.5
1182.582,-5.5
1182.782,-5.5
1182.982,-5.5
1183.182,-5.5
1183.382,-5.5
1183.582,-5.5
1183.782,-5.5
1183.982,-5.5
1184.182,-5.5
1184.382,-5.5
1184.582,-5.5
1184.782,-5.5
1184.982,-5.5
1185.182,-5.5
1185.382,-5.5
1185.582,-5.5
1185.782,-5.5
1185.982,-5.5
1186.182,-5.5
1186.382,-5.5
1186.582,-5.5
1186.782,-5.5
1186.982,-5.5
1187.182,-5.5
1187.382,-5.5
1187.582,-5.5
1187.782,-5.5
1187.982,-5.5
1188.182,-5.5
1188.382,-5.5
1188.582,-5.5
1188.782,-5.5
1188.982,-5.5
1189.182,-5.5
1189.382,-5.5
1189.582,-5.5
1189.782,-5.5
1189.982,-5.5
1190.182,-5.5
1190.382,-5.5
1190.582,-5.5
1190.782,-5.5
1190.982,-5.5
1191.182,-5.5
1191.382,-5.5
1191.582,-5.5
1191.782,-5.5
1191.982,-5.5
1192.182,-5.5
1192.382,-5.5
1192.582,-5.5
1192.782,-5.5
1192.982,-5.5
1193.182,-5.5
1193.382,-5.5
1193.582,-5.5
1193.782,-5.5
1193.982,-5.5
1194.182,-5.5
1194.382,-5.5
1194.582,-5.5
1194.782,-5.5
1194.982,-5.5
1195.182,-5.5
1195.382,-5.5
1195.582,-5.5
1195.782,-5.5
1195.982,-5.5
1196.182,-5.5
1196.382,-5.5
1196.582,-5.5
1196.782,-5.5
1196.982,-5.5
1197.182,-5.5
1197.382,-5.5
1197.582,-5.5
1197.782,-5.5
1197.982,-5.5
1198.182,-5.5
1198.382,-5.5
1198.582,-5.5
1198.782,-5.5
1198.982,-5.5
1199.182,-5.5
1199.382,-5.5
1199.582,-5.5
1199.782,-5.5
1199.982,-5.5
1200.182,-5.5
1200.382,-5.5
1200.582,-5.5
1200.782,-5.5
1200.982,-5.5
1201.182,-5.5
1201.382,-5.5
1201.582,-5.5
1201.782,-5.5
1201.982,-5.5
1202.182,-5.5
1202.382,-5.5
1202.582,-5.5
1202.782,-5.5
1202.982,-5.5
1203.182,-5.5
1203.382,-5.5
1203.582,-5.5
1203.782,-5.5
1203.982,-5.5
1204.182,-5.5
1204.382,-5.5
1204.582,-5.5
1204.782,-5.5
1204.982,-5.5
1205.182,-5.5
1205.382,-5.5
1205.582,-5.5
1205.782,-5.5
1205.982,-5.5
1206.182,-5.5
1206.382,-5.5
1206.582,-5.5
1206.782,-5.5
1206.982,-5.5
1207.182,-5.5
1207.382,-5.5
1207.582,-5.5
1207.782,-5.5
1207.982,-5.5
1208.182,-5.5
1208.382,-5.5
1208.582,-5.5
1208.782,-5.5
1208.982,-5.5
1209.182,-5.5
1209.382,-5.5
1209.582,-5.5
1209.782,-5.5
1209.982,-5.5
1210.182,-5.5
1210.382,-5.5
1210.582,-5.5
1210.782,-5.5
1210.982,-5.5
1211.182,-5.5
1211.382,-5.5
1211.582,-5.5
1211.782,-5.5
1211.982,-5.5
1212.182,-5.5
1212.382,-5.5
1212.582,-5.5
1212.782,-5.5
1212.982,-5.5
1213.182,-5.5
1213.382,-5.5
1213.582,-5.5
1213.782,-5.5
1213.982,-5.5
1214.182,-5.5
1214.382,-5.5
1214.582,-5.5
1214.782,-5.5
1214.982,-5.5
1215.182,-5.5
1215.382,-5.5
1215.582,-5.5
1215.782,-5.5
1215.982,-5.5
1216.182,-5.5
1216.382,-5.5
1216.582,-5.5
1216.782,-5.5
1216.982,-5
1217.182,-5
1217.382,-5
1217.582,-5
1217.782,-5
1217.982,-5
1218.182,-5
1218.382,-5
1218.582,-5
1218.782,-5
1218.982,-5
1219.182,-5
1219.382,-5
1219.582,-5
1219.782,-5
1219.982,-5
1220.182,-5
1220.382,-5
1220.582,-5
1220.782,-5
1220.982,-5
1221.182,-5
1221.382,-5
1221.582,-5
1221.782,-5
1221.982,-5
1222.182,-5
1222.382,-5
1222.582,-5
1222.782,-5
1222.982,-5
1223.182,-5
1223.382,-5
1223.582,-5
1223.782,-5
1223.982,-5
1224.182,-5
1224.382,-5
1224.582,-5
1224.782,-5
1224.982,-5
1225.181,-5
1225.381,-5
1225.581,-5
1225.781,-5
1225.981,-5
1226.181,-5
1226.381,-5
1226.581,-5
1226.781,-5
1226.981,-5
1227.182,-5
1227.382,-5
1227.582,-5
1227.782,-5
1227.982,-5
1228.182,-5
1228.381,-5
1228.581,-5
1228.781,-5
1228.981,-5
1229.181,-5
1229.381,-5
1229.581,-5
1229.781,-5
1229.981,-5
1230.182,-5
1230.381,-5
1230.582,-5
1230.782,-5
1230.982,-5
1231.181,-5
1231.381,-5
1231.581,-5
1231.781,-5
1231.981,-5
1232.181,-5
1232.381,-5
1232.581,-5
1232.781,-5
1232.981,-5
1233.182,-5
1233.381,-5
1233.581,-5
1233.782,-5
1233.982,-5
1234.182,-5
1234.381,-5
1234.581,-5
1234.781,-5
1234.981,-5
1235.181,-5
1235.381,-5
1235.581,-5
1235.781,-5
1235.982,-5
1236.181,-5
1236.381,-5
1236.581,-5
1236.781,-5
1236.981,-5
1237.181,-5
1237.381,-5
1237.581,-5
1237.781,-5
1237.981,-5
1238.181,-5
1238.381,-5
1238.581,-5
1238.781,-5
1238.982,-5
1239.182,-5
1239.382,-5
1239.581,-5
1239.782,-5
1239.982,-5
1240.181,-5
1240.381,-5
1240.581,-5
1240.781,-5
1240.981,-5
1241.181,-5
1241.381,-5
1241.581,-5
1241.781,-5
1241.981,-5
1242.181,-5
1242.381,-5
1242.581,-5
1242.781,-5
1242.981,-5
1243.181,-5
1243.381,-5
1243.581,-5
1243.781,-5
1243.981,-5
1244.181,-5
1244.381,-5
1244.581,-5
1244.781,-5
1244.981,-5
1245.181,-5
1245.381,-5
1245.581,-5
1245.781,-5
1245.981,-5
1246.181,-5
1246.381,-5
1246.581,-5
1246.781,-5
1246.981,-5
1247.181,-5
1247.381,-5
1247.581,-5
1247.781,-5
1247.981,-5
1248.181,-5
1248.381,-5
1248.581,-5
1248.781,-5
1248.981,-5
1249.181,-5
1249.381,-5
1249.581,-5
1249.781,-5
1249.981,-5
1250.181,-5
1250.381,-5
1250.581,-5
1250.781,-5
1250.981,-5
1251.181,-5
1251.381,-5
1251.581,-5
1251.781,-5
1251.981,-5
1252.181,-5
1252.381,-5
1252.581,-5
1252.781,-5
1252.981,-5
1253.181,-5
1253.381,-5
1253.581,-5
1253.781,-5
1253.981,-5
1254.181,-5
1254.381,-5
1254.581,-5
1254.781,-5
1254.981,-5
1255.181,-5
1255.381,-5
1255.581,-5
1255.781,-5
1255.981,-5
1256.181,-5
1256.381,-5
1256.581,-5
1256.781,-5
1256.981,-5
1257.181,-5
1257.381,-5
1257.581,-5
1257.781,-5
1257.981,-5
1258.181,-5
1258.381,-5
1258.581,-5
1258.781,-5
1258.981,-5
1259.181,-5
1259.381,-5
1259.581,-5
1259.781,-5
1259.981,-5
1260.181,-5
1260.381,-5
1260.581,-5
1260.781,-5
1260.981,-5
1261.181,-5
1261.381,-5
1261.581,-5
1261.781,-5
1261.981,-5
1262.181,-5
1262.381,-5
1262.581,-5
1262.781,-5
1262.981,-5
1263.181,-5
1263.381,-5
1263.581,-5
1263.781,-5
1263.981,-5
1264.181,-5
1264.381,-5
1264.581,-5
1264.781,-5
1264.981,-5
1265.181,-5
1265.381,-5
1265.581,-5
1265.781,-5
1265.981,-5
1266.181,-5
1266.381,-5
1266.581,-5
1266.781,-5
1266.981,-5
1267.181,-5
1267.381,-5
1267.581,-5
1267.781,-5
1267.981,-5
1268.181,-5
1268.381,-5
1268.581,-5
1268.781,-5
1268.981,-5
1269.181,-5
1269.381,-5
1269.581,-5
1269.781,-5
1269.981,-5
1270.181,-5
1270.381,-5
1270.581,-5
1270.781,-5
1270.981,-5
1271.181,-5
1271.381,-5
1271.581,-5
1271.781,-5
1271.981,-5
1272.181,-5
1272.381,-5
1272.581,-5
1272.781,-5
1272.981,-5
1273.181,-5
1273.381,-5
1273.581,-5
1273.781,-5
1273.981,-5
1274.181,-5
1274.381,-5
1274.581,-5
1274.781,-5
1274.981,-5
1275.181,-5
1275.381,-5
1275.581,-5
1275.781,-5
1275.981,-5
1276.181,-5
1276.381,-5
1276.581,-5
1276.781,-5
1276.981,-5
1277.181,-5
1277.381,-5
1277.581,-5
1277.781,-5
1277.981,-5
1278.181,-5
1278.381,-5
1278.581,-5
1278.781,-5
1278.981,-5
1279.181,-5
1279.381,-5
1279.581,-5
1279.781,-5
1279.981,-5
1280.181,-5
1280.381,-5
1280.581,-5
1280.781,-5
1280.981,-5
1281.181,-5
1281.381,-5
1281.581,-5
1281.781,-5
1281.981,-5
1282.181,-5
1282.381,-5
1282.58,-5
1282.78,-5
1282.98,-5
1283.18,-5
1283.38,-5
1283.58,-5
1283.78,-5
1283.981,-5
1284.18,-5
1284.38,-5
1284.58,-5
1284.78,-5
1284.98,-5
1285.18,-5
1285.38,-5
1285.58,-5
1285.78,-5
1285.98,-5
1286.18,-5
1286.381,-5
1286.58,-5
1286.78,-5
1286.98,-5
1287.18,-5
1287.38,-5
1287.58,-5
1287.78,-5
1287.981,-5
1288.18,-5
1288.38,-5
1288.58,-5
1288.78,-5
1288.98,-5
1289.18,-5
1289.38,-5
1289.58,-5
1289.78,-5
1289.98,-5
1290.18,-5
1290.38,-5
1290.58,-5
1290.78,-5
1290.981,-5
1291.18,-5
1291.381,-5
1291.581,-5
1291.781,-5
1291.98,-5
1292.18,-5
1292.38,-5
1292.58,-5
1292.78,-5
1292.98,-5
1293.18,-5
1293.38,-5
1293.58,-5
1293.78,-5
1293.981,-5
1294.181,-5
1294.381,-5
1294.581,-5
1294.781,-5
1294.981,-5
1295.181,-5
1295.38,-5
1295.581,-5
1295.78,-5
1295.98,-5
1296.18,-5
1296.38,-5
1296.58,-5
1296.78,-5
1296.98,-5
1297.18,-5
1297.38,-5
1297.58,-5
1297.78,-5
1297.98,-5
1298.18,-5
1298.38,-5
1298.58,-5
1298.78,-5
1298.98,-5
1299.18,-5
1299.38,-5
1299.58,-5
1299.781,-5
1299.981,-5
1300.181,-5
1300.38,-5
1300.58,-5
1300.78,-5
1300.98,-5
1301.18,-5
1301.38,-5
1301.58,-5
1301.78,-5
1301.98,-5
1302.18,-5
1302.38,-5
1302.58,-5
1302.78,-5
1302.98,-5
1303.18,-5
1303.38,-5
1303.58,-5
1303.78,-5
1303.98,-5
1304.18,-5
1304.38,-5
1304.58,-5
1304.78,-5
1304.98,-5
1305.18,-5
1305.38,-5
1305.58,-5
1305.781,-5
1305.98,-5
1306.181,-5
1306.381,-5
1306.58,-5
1306.78,-5
1306.98,-5
1307.18,-5
1307.38,-5
1307.58,-5
1307.78,-5
1307.98,-5
1308.18,-5
1308.38,-5
1308.58,-5
1308.78,-5
1308.981,-5
1309.181,-5
1309.38,-5
1309.581,-5
1309.78,-5
1309.98,-5
1310.18,-5
1310.38,-5
1310.58,-5
1310.78,-5
1310.98,-5
1311.18,-5
1311.38,-5
1311.58,-5
1311.78,-5
1311.98,-5
1312.18,-5
1312.38,-5
1312.58,-5
1312.78,-5
1312.98,-5
1313.18,-5
1313.38,-5
1313.58,-5
1313.78,-5
1313.98,-5
1314.18,-5
1314.38,-5
1314.58,-5
1314.78,-5
1314.98,-5
1315.18,-5
1315.38,-5
1315.58,-5
1315.78,-5
1315.98,-5
1316.18,-5
1316.38,-5
1316.58,-5
1316.78,-5
1316.98,-5
1317.18,-5
1317.38,-5
1317.58,-5
1317.78,-5
1317.98,-5
1318.18,-5
1318.38,-5
1318.58,-5
1318.78,-5
1318.98,-5
1319.18,-5
1319.38,-5
1319.58,-5
1319.78,-5
1319.98,-5
1320.18,-5
1320.38,-5
1320.58,-5
1320.78,-5
1320.98,-5
1321.18,-5
1321.38,-5
1321.58,-5
1321.78,-5
1321.98,-5
1322.18,-5
1322.38,-5
1322.58,-5
1322.78,-5
1322.98,-5
1323.18,-5
1323.38,-5
1323.58,-5
1323.78,-5
1323.98,-5
1324.18,-5
1324.38,-5
1324.58,-5
1324.78,-5
1324.98,-5
1325.18,-5
1325.38,-5
1325.58,-5
1325.78,-5
1325.98,-5
1326.18,-5
1326.38,-5
1326.58,-5
1326.78,-5
1326.98,-5
1327.18,-5
1327.38,-5
1327.58,-5
1327.78,-5
1327.98,-5
1328.18,-5
1328.38,-5
1328.58,-5
1328.78,-5
1328.98,-5
1329.18,-5
1329.38,-5
1329.58,-5
1329.78,-5
1329.98,-5
1330.18,-5
1330.38,-5
1330.58,-5
1330.78,-5
1330.98,-5
1331.18,-5
1331.38,-5
1331.58,-5
1331.78,-5
1331.98,-5
1332.18,-5
1332.38,-5
1332.58,-5
1332.78,-5
1332.98,-5
1333.18,-5
1333.38,-5
1333.58,-5
1333.78,-5
1333.98,-5
1334.18,-5
1334.38,-5
1334.58,-5
1334.78,-5
1334.98,-5
1335.18,-5
1335.38,-5
1335.58,-5
1335.78,-5
1335.98,-5
1336.18,-5
1336.38,-5
1336.58,-5
1336.78,-5
1336.98,-5
1337.18,-5
1337.38,-5
1337.58,-5
1337.78,-5
1337.98,-5
1338.18,-5
1338.38,-5
1338.58,-5
1338.78,-5
1338.98,-5
1339.18,-5
1339.38,-5
1339.58,-5
1339.78,-5
1339.98,-5
1340.18,-5
1340.38,-5
1340.58,-5
1340.78,-5
1340.98,-5
1341.18,-5
1341.38,-5
1341.58,-5
1341.78,-5
1341.98,-5
1342.18,-5
1342.38,-5
1342.58,-5
1342.78,-5
1342.98,-5
1343.18,-5
1343.379,-5
1343.579,-5
1343.78,-5
1343.979,-5
1344.18,-5
1344.38,-5
1344.579,-5
1344.779,-5
1344.98,-5
1345.179,-5
1345.379,-5
1345.579,-5
1345.779,-5
1345.979,-5
1346.179,-5
1346.379,-5
1346.579,-5
1346.779,-5
1346.979,-5
1347.179,-5
1347.379,-5
1347.579,-5
1347.779,-5
1347.979,-5
1348.179,-5
1348.379,-5
1348.58,-5
1348.779,-5
1348.979,-5
1349.179,-5
1349.379,-5
1349.58,-5
1349.779,-5
1349.979,-5
1350.179,-5
1350.379,-5
1350.579,-5
1350.779,-5
1350.979,-5
1351.179,-5
1351.379,-5
1351.58,-5
1351.779,-5
1351.979,-5
1352.179,-5
1352.379,-5
1352.579,-5
1352.779,-5
1352.979,-5
1353.179,-5
1353.379,-5
1353.579,-5
1353.779,-5
1353.979,-5
1354.179,-5
1354.379,-4.5
1354.579,-4.5
1354.779,-4.5
1354.979,-4.5
1355.179,-4.5
1355.379,-4.5
1355.579,-4.5
1355.779,-4.5
1355.979,-4.5
1356.179,-4.5
1356.379,-4.5
1356.579,-4.5
1356.779,-4.5
1356.979,-4.5
1357.179,-4.5
1357.379,-4.5
1357.579,-4.5
1357.779,-4.5
1357.979,-4.5
1358.179,-4.5
1358.379,-4.5
1358.579,-4.5
1358.779,-4.5
1358.979,-4.5
1359.179,-4.5
1359.379,-4.5
1359.579,-4.5
1359.779,-4.5
1359.979,-4.5
1360.179,-4.5
1360.379,-4.5
1360.579,-4.5
1360.779,-4.5
1360.979,-4.5
1361.179,-4.5
1361.379,-4.5
1361.579,-4.5
1361.779,-4.5
1361.979,-4.5
1362.179,-4.5
1362.379,-4.5
1362.579,-4.5
1362.779,-4.5
1362.979,-4.5
1363.179,-4.5
1363.379,-4.5
1363.579,-4.5
1363.779,-4.5
1363.979,-4.5
1364.179,-4.5
1364.379,-4.5
1364.579,-4.5
1364.779,-4.5
1364.979,-4.5
1365.179,-4.5
1365.379,-4.5
1365.579,-4.5
1365.779,-4.5
1365.979,-4.5
1366.179,-4.5
1366.379,-4.5
1366.579,-4.5
1366.779,-4.5
1366.979,-4.5
1367.179,-4.5
1367.379,-4.5
1367.579,-4.5
1367.779,-4.5
1367.979,-4.5
1368.179,-4.5
1368.379,-4.5
1368.579,-4.5
1368.779,-4.5
1368.979,-4.5
1369.179,-4.5
1369.379,-4.5
1369.579,-4.5
1369.779,-4.5
1369.979,-4.5
1370.179,-4.5
1370.379,-4.5
1370.579,-4.5
1370.779,-4.5
1370.979,-4.5
1371.179,-4.5
1371.379,-4.5
1371.579,-4.5
1371.779,-4.5
1371.979,-4.5
1372.179,-4.5
1372.379,-4.5
1372.579,-4.5
1372.779,-4.5
1372.979,-4.5
1373.179,-4.5
1373.379,-4.5
1373.579,-4.5
1373.779,-4.5
1373.979,-4.5
1374.179,-4.5
1374.379,-4.5
1374.579,-4.5
1374.779,-4.5
1374.979,-4.5
1375.179,-4.5
1375.379,-4.5
1375.579,-4.5
1375.779,-4.5
1375.979,-4.5
1376.179,-4.5
1376.379,-4.5
1376.579,-4.5
1376.779,-4.5
1376.979,-4.5
1377.179,-4.5
1377.379,-4.5
1377.579,-4.5
1377.779,-4.5
1377.979,-4.5
1378.179,-4.5
1378.379,-4.5
1378.579,-4.5
1378.779,-4.5
1378.979,-4.5
1379.179,-4.5
1379.379,-4.5
1379.579,-4.5
1379.779,-4.5
1379.979,-4.5
1380.179,-4.5
1380.379,-4.5
1380.579,-4.5
1380.779,-4.5
1380.979,-4.5
1381.179,-4.5
1381.379,-4.5
1381.579,-4.5
1381.779,-4.5
1381.979,-4.5
1382.179,-4.5
1382.379,-4.5
1382.579,-4.5
1382.779,-4.5
1382.979,-4.5
1383.179,-4.5
1383.379,-4.5
1383.579,-4.5
1383.779,-4.5
1383.979,-4.5
1384.179,-4.5
1384.379,-4.5
1384.579,-4.5
1384.779,-4.5
1384.979,-4.5
1385.179,-4.5
1385.379,-4.5
1385.579,-4.5
1385.779,-4.5
1385.979,-4.5
1386.179,-4.5
1386.379,-4.5
1386.579,-4.5
1386.779,-4.5
1386.979,-4.5
1387.179,-4.5
1387.379,-4.5
1387.579,-4.5
1387.779,-4.5
1387.979,-4.5
1388.179,-4.5
1388.379,-4.5
1388.579,-4.5
1388.779,-4.5
1388.979,-4.5
1389.179,-4.5
1389.379,-4.5
1389.579,-4.5
1389.779,-4.5
1389.979,-4.5
1390.179,-4.5
1390.379,-4.5
1390.579,-4.5
1390.779,-4.5
1390.979,-4.5
1391.179,-4.5
1391.379,-4.5
1391.579,-4.5
1391.779,-4.5
1391.979,-4.5
1392.179,-4.5
1392.379,-4.5
1392.579,-4.5
1392.779,-4.5
1392.979,-4.5
1393.179,-4.5
1393.379,-4.5
1393.579,-4.5
1393.779,-4.5
1393.979,-4.5
1394.179,-4.5
1394.379,-4.5
1394.579,-4.5
1394.779,-4.5
1394.979,-4.5
1395.179,-4.5
1395.379,-4.5
1395.579,-4.5
1395.779,-4.5
1395.979,-4.5
1396.179,-4.5
1396.379,-4.5
1396.579,-4.5
1396.779,-4.5
1396.978,-4.5
1397.179,-4.5
1397.379,-4.5
1397.579,-4.5
1397.779,-4.5
1397.979,-4.5
1398.178,-4.5
1398.378,-4.5
1398.578,-4.5
1398.779,-4.5
1398.978,-4.5
1399.178,-4.5
1399.378,-4.5
1399.578,-4.5
1399.778,-4.5
1399.978,-4.5
1400.179,-4.5
1400.379,-4.5
1400.579,-4.5
1400.778,-4.5
1400.978,-4.5
1401.178,-4.5
1401.378,-4.5
1401.578,-4.5
1401.778,-4.5
1401.978,-4.5
1402.178,-4.5
1402.378,-4.5
1402.578,-4.5
1402.778,-4.5
1402.978,-4.5
1403.178,-4.5
1403.378,-4.5
1403.578,-4.5
1403.778,-4.5
1403.978,-4.5
1404.178,-4.5
1404.378,-4.5
1404.578,-4.5
1404.778,-4.5
1404.978,-4.5
1405.178,-4.5
1405.378,-4.5
1405.578,-4.5
1405.778,-4.5
1405.978,-4.5
1406.178,-4.5
1406.378,-4.5
1406.578,-4.5
1406.778,-4.5
1406.978,-4.5
1407.178,-4.5
1407.378,-4.5
1407.578,-4.5
1407.778,-4.5
1407.978,-4.5
1408.178,-4.5
1408.378,-4.5
1408.578,-4.5
1408.778,-4.5
1408.978,-4.5
1409.178,-4.5
1409.378,-4.5
1409.578,-4.5
1409.778,-4.5
1409.978,-4.5
1410.178,-4.5
1410.378,-4.5
1410.578,-4.5
1410.778,-4.5
1410.978,-4.5
1411.178,-4.5
1411.378,-4.5
1411.578,-4.5
1411.778,-4.5
1411.978,-4.5
1412.178,-4.5
1412.378,-4.5
1412.578,-4.5
1412.778,-4.5
1412.978,-4.5
1413.178,-4.5
1413.378,-4.5
1413.578,-4.5
1413.778,-4.5
1413.978,-4.5
1414.178,-4.5
1414.378,-4.5
1414.578,-4.5
1414.778,-4.5
1414.978,-4.5
1415.178,-4.5
1415.378,-4.5
1415.578,-4.5
1415.778,-4.5
1415.978,-4.5
1416.178,-4.5
1416.378,-4.5
1416.578,-4.5
1416.778,-4.5
1416.978,-4.5
1417.178,-4.5
1417.378,-4.5
1417.578,-4.5
1417.778,-4.5
1417.978,-4.5
1418.178,-4.5
1418.378,-4.5
1418.578,-4.5
1418.778,-4.5
1418.978,-4.5
1419.178,-4.5
1419.378,-4.5
1419.578,-4.5
1419.778,-4.5
1419.978,-4.5
1420.178,-4.5
1420.378,-4.5
1420.578,-4.5
1420.778,-4.5
1420.978,-4.5
1421.178,-4.5
1421.378,-4.5
1421.578,-4.5
1421.778,-4.5
1421.978,-4.5
1422.178,-4.5
1422.378,-4.5
1422.578,-4.5
1422.778,-4.5
1422.978,-4.5
1423.178,-4.5
1423.378,-4.5
1423.578,-4.5
1423.778,-4.5
1423.978,-4.5
1424.178,-4.5
1424.378,-4.5
1424.578,-4.5
1424.778,-4.5
1424.978,-4.5
1425.178,-4.5
1425.378,-4.5
1425.578,-4.5
1425.778,-4.5
1425.978,-4.5
1426.178,-4.5
1426.378,-4.5
1426.578,-4.5
1426.778,-4.5
1426.978,-4.5
1427.178,-4.5
1427.378,-4.5
1427.578,-4.5
1427.778,-4.5
1427.978,-4.5
1428.178,-4.5
1428.378,-4.5
1428.578,-4.5
1428.778,-4.5
1428.978,-4.5
1429.178,-4.5
1429.378,-4.5
1429.578,-4.5
1429.778,-4.5
1429.978,-4.5
1430.178,-4.5
1430.378,-4.5
1430.578,-4.5
1430.778,-4.5
1430.978,-4.5
1431.178,-4.5
1431.378,-4.5
1431.578,-4.5
1431.778,-4.5
1431.978,-4.5
1432.178,-4.5
1432.378,-4.5
1432.578,-4.5
1432.778,-4.5
1432.978,-4.5
1433.178,-4.5
1433.378,-4.5
1433.578,-4.5
1433.778,-4.5
1433.978,-4.5
1434.178,-4.5
1434.378,-4.5
1434.578,-4.5
1434.778,-4.5
1434.978,-4.5
1435.178,-4.5
1435.378,-4.5
1435.578,-4.5
1435.778,-4.5
1435.978,-4.5
1436.178,-4.5
1436.378,-4.5
1436.578,-4.5
1436.778,-4.5
1436.978,-4.5
1437.178,-4.5
1437.378,-4.5
1437.578,-4.5
1437.778,-4.5
1437.978,-4.5
1438.178,-4.5
1438.378,-4.5
1438.578,-4.5
1438.778,-4.5
1438.978,-4.5
1439.178,-4.5
1439.378,-4.5
1439.578,-4.5
1439.778,-4.5
1439.978,-4.5
1440.178,-4.5
1440.378,-4.5
1440.578,-4.5
1440.778,-4.5
1440.978,-4.5
1441.178,-4.5
1441.378,-4.5
1441.578,-4.5
1441.778,-4.5
1441.978,-4.5
1442.178,-4.5
1442.378,-4.5
1442.578,-4.5
1442.778,-4.5
1442.978,-4.5
1443.178,-4.5
1443.378,-4.5
1443.578,-4.5
1443.778,-4.5
1443.978,-4.5
1444.178,-4.5
1444.378,-4.5
1444.578,-4.5
1444.778,-4.5
1444.978,-4.5
1445.178,-4.5
1445.378,-4.5
1445.578,-4.5
1445.778,-4.5
1445.978,-4.5
1446.178,-4.5
1446.378,-4.5
1446.578,-4.5
1446.778,-4.5
1446.978,-4.5
1447.178,-4.5
1447.378,-4.5
1447.578,-4.5
1447.778,-4.5
1447.978,-4.5
1448.178,-4.5
1448.378,-4.5
1448.578,-5
1448.778,-5
1448.978,-5
1449.178,-5
1449.378,-5
1449.578,-5
1449.778,-5
1449.978,-5
1450.178,-5
1450.378,-5
1450.578,-5
1450.778,-5
1450.978,-5
1451.178,-5
1451.378,-5
1451.578,-5
1451.778,-5
1451.978,-5
1452.178,-5
1452.378,-5
1452.578,-5
1452.778,-5
1452.978,-5
1453.178,-5
1453.378,-5
1453.578,-5
1453.778,-5
1453.977,-5
1454.177,-5
1454.377,-5
1454.577,-5
1454.777,-5
1454.977,-5
1455.177,-5
1455.377,-5
1455.577,-5
1455.777,-5
1455.977,-5
1456.177,-5
1456.377,-5
1456.577,-5
1456.777,-5
1456.978,-5
1457.177,-5
1457.377,-5
1457.577,-5
1457.777,-5
1457.978,-5
1458.177,-5
1458.377,-5
1458.577,-5
1458.777,-5
1458.977,-5
1459.177,-5
1459.377,-5
1459.577,-5
1459.777,-5
1459.977,-5
1460.177,-5
1460.377,-5
1460.577,-5
1460.778,-5
1460.978,-5
1461.177,-5
1461.377,-5
1461.577,-5
1461.777,-5
1461.977,-5
1462.177,-5
1462.377,-5
1462.577,-5
1462.777,-5
1462.977,-5
1463.177,-5
1463.377,-5
1463.577,-5
1463.777,-5
1463.977,-5
1464.177,-5
1464.377,-5
1464.577,-5
1464.777,-5
1464.977,-5
1465.177,-5
1465.377,-5
1465.577,-5
1465.777,-5
1465.977,-5
1466.177,-5
1466.377,-5
1466.577,-5
1466.777,-5
1466.977,-5
1467.177,-5
1467.377,-5
1467.577,-5
1467.777,-5
1467.977,-5
1468.177,-5
1468.377,-5
1468.577,-5
1468.777,-5
1468.977,-5
1469.177,-5
1469.377,-5
1469.577,-5
1469.777,-5
1469.977,-5
1470.177,-5
1470.377,-5
1470.577,-5
1470.777,-5
1470.977,-5
1471.177,-5
1471.377,-5
1471.577,-5
1471.777,-5
1471.977,-5
1472.177,-5
1472.377,-5
1472.577,-5
1472.777,-5
1472.977,-5
1473.177,-5
1473.377,-5
1473.577,-5
1473.777,-5
1473.977,-5
1474.177,-5
1474.377,-5
1474.577,-5
1474.777,-5
1474.977,-5
1475.177,-5
1475.377,-5
1475.577,-5
1475.777,-5
1475.977,-5
1476.177,-5
1476.377,-5
1476.577,-5
1476.777,-5
1476.977,-5
1477.177,-5
1477.377,-5
1477.577,-5
1477.777,-5
1477.977,-5
1478.177,-5
1478.377,-5
1478.577,-5
1478.777,-5
1478.977,-5
1479.177,-5
